100
2
78 85 
6
1 1 2 87
1 1 2 82
1 1 2 84
2 2 2 15
2 1 2 93
1 1 2 51
4
53 50 96 97 
1
1 1 3 9
5
31 25 34 49 58 
7
1 4 5 38
1 4 5 71
2 1 4 43
1 1 4 4
2 2 5 50
2 1 3 29
2 2 4 100
3
58 2 8 
16
2 1 3 86
1 2 2 34
1 3 3 44
2 1 1 34
2 2 2 99
2 1 3 58
1 1 2 87
2 1 3 27
2 1 2 56
2 1 3 81
2 1 1 70
1 1 3 19
2 1 2 97
1 1 2 52
1 1 3 61
1 1 1 35
9
91 52 45 47 100 0 56 91 37 
8
2 1 6 5
2 1 8 80
1 3 5 57
1 2 9 4
1 2 9 49
2 8 8 91
1 1 5 2
2 1 6 61
9
33 75 77 22 20 83 70 87 39 
12
1 4 7 17
1 5 8 94
2 5 9 88
2 5 7 2
1 5 9 88
1 1 8 22
1 8 8 13
2 1 2 91
1 3 4 2
2 2 9 40
1 3 8 47
1 6 7 7
3
95 41 78 
6
1 1 2 89
1 2 3 64
1 1 2 23
1 1 2 12
1 2 2 15
2 1 3 4
8
64 10 29 72 88 9 67 62 
12
2 4 7 31
2 5 7 55
2 5 6 42
2 4 8 87
2 2 8 41
2 1 4 14
1 5 5 74
1 3 4 79
1 1 8 56
1 4 7 45
2 1 8 9
2 3 4 66
3
6 98 30 
12
1 1 2 20
2 3 3 16
2 1 2 40
2 1 2 19
1 1 1 94
2 1 3 4
2 2 3 23
2 2 3 100
1 1 2 56
2 1 2 15
2 2 3 22
2 2 3 8
7
68 53 47 14 58 50 93 
16
2 3 3 22
2 2 5 26
2 4 6 50
2 5 5 50
1 3 7 82
2 4 5 85
2 2 2 42
2 2 5 47
2 4 7 11
2 1 5 50
2 3 4 25
2 2 3 38
1 2 5 65
2 2 6 49
1 3 7 35
1 4 7 48
2
26 91 
2
1 1 2 83
2 1 2 2
2
7 74 
7
2 1 2 29
1 2 2 37
1 1 1 96
2 1 1 62
2 1 2 1
2 2 2 15
1 1 2 19
1
94 
5
2 1 1 76
1 1 1 94
1 1 1 82
2 1 1 6
2 1 1 55
1
5 
10
1 1 1 59
2 1 1 60
2 1 1 91
1 1 1 84
2 1 1 11
1 1 1 12
2 1 1 8
2 1 1 63
2 1 1 34
2 1 1 93
5
83 94 61 25 43 
16
1 5 5 68
2 4 5 72
2 2 5 87
2 2 5 51
1 4 4 27
1 3 5 10
2 3 4 38
2 3 4 22
2 2 5 65
2 2 5 8
2 4 4 80
1 3 3 97
2 1 1 52
1 2 3 22
1 4 5 46
2 3 5 42
6
73 43 14 76 51 5 
17
1 3 4 88
1 4 4 4
1 5 6 26
2 4 6 96
1 2 4 43
2 1 2 29
2 1 2 78
2 4 4 51
2 5 6 71
2 3 4 31
1 2 6 8
2 5 6 55
1 2 5 28
2 1 1 14
2 1 4 38
1 1 3 51
2 1 3 57
7
54 8 95 77 17 77 82 
16
2 2 3 98
2 3 7 76
2 6 6 74
2 1 4 62
2 4 6 68
2 2 4 60
2 6 7 56
2 2 5 27
2 3 4 55
2 1 6 98
2 1 7 54
1 3 7 5
1 3 5 67
2 5 6 21
2 3 6 19
1 4 5 1
1
56 
18
2 1 1 58
2 1 1 28
1 1 1 33
2 1 1 26
2 1 1 90
1 1 1 93
1 1 1 5
2 1 1 83
2 1 1 92
2 1 1 72
2 1 1 51
2 1 1 22
1 1 1 11
1 1 1 27
1 1 1 10
2 1 1 100
2 1 1 49
1 1 1 58
2
9 93 
5
1 1 1 75
2 2 2 2
1 1 2 25
2 2 2 79
2 1 1 25
2
40 91 
11
1 2 2 16
2 1 2 90
1 2 2 55
1 1 1 84
2 1 2 100
2 1 2 33
1 1 1 25
1 1 2 1
2 1 2 78
1 2 2 96
1 1 1 96
5
45 48 94 19 13 
15
2 4 5 73
1 4 4 53
2 1 3 36
2 1 1 29
2 1 5 48
1 2 4 21
2 2 4 51
1 1 5 39
2 1 5 5
1 4 5 34
1 4 5 87
1 1 2 9
2 1 2 29
2 1 5 39
1 3 5 58
6
63 10 41 40 82 7 
3
2 6 6 15
2 6 6 57
2 3 5 70
7
65 96 77 82 0 36 97 
10
2 2 5 43
1 6 6 62
2 5 5 25
2 1 6 9
1 3 6 9
2 2 3 1
1 2 4 93
1 1 5 54
2 1 2 95
2 3 4 6
7
31 2 57 22 11 83 1 
14
2 5 6 68
1 2 2 58
1 7 7 72
2 2 4 40
1 4 6 87
1 4 6 94
2 4 5 19
1 1 2 92
1 2 7 18
1 1 4 6
2 1 2 98
1 5 7 11
1 4 5 22
2 2 5 95
2
80 18 
9
1 1 1 90
2 1 2 81
2 1 2 44
1 1 1 85
2 1 2 81
2 1 1 74
2 1 2 95
1 1 1 47
2 2 2 45
2
92 92 
5
1 1 2 35
2 1 2 62
1 1 2 30
1 2 2 21
1 1 1 42
8
89 62 15 57 73 70 99 64 
8
1 4 8 63
1 4 7 42
1 1 4 19
1 4 8 26
1 2 7 100
1 2 2 52
2 3 4 46
2 5 7 40
6
2 16 100 75 58 10 
15
1 3 6 56
1 3 4 94
1 6 6 10
2 1 5 96
2 3 4 6
2 3 5 1
2 2 3 64
1 2 3 55
2 3 5 65
2 4 5 75
2 3 4 24
1 2 2 30
2 1 2 23
1 3 3 74
2 4 5 17
9
39 6 47 16 37 74 41 96 48 
6
2 2 3 67
1 4 5 44
2 3 8 15
2 6 6 94
1 2 8 40
2 8 9 71
2
8 61 
3
1 1 1 45
2 2 2 61
2 2 2 78
1
93 
3
1 1 1 22
2 1 1 41
2 1 1 49
4
23 4 49 93 
17
2 1 4 86
2 2 4 35
2 2 4 55
2 1 4 5
1 1 1 12
1 2 4 60
1 1 4 100
2 1 4 64
1 1 2 88
2 1 1 68
2 3 3 6
1 1 3 100
2 1 1 60
2 2 2 34
2 1 3 78
2 2 4 31
2 1 4 17
6
85 8 74 39 81 45 
19
1 2 5 12
1 4 6 42
1 1 4 62
2 5 6 67
1 2 5 53
2 5 5 10
2 1 3 97
1 3 6 53
1 1 5 7
2 1 2 7
2 4 5 14
2 1 5 31
2 3 6 56
2 3 4 51
2 2 6 69
1 3 5 37
2 1 5 13
1 1 4 20
2 2 4 83
5
14 83 93 65 38 
2
2 4 5 71
1 4 5 29
8
17 38 81 71 49 60 28 75 
1
1 2 6 36
3
65 27 55 
13
1 1 2 52
2 1 2 43
2 2 3 92
1 1 3 82
1 1 3 74
2 1 3 19
2 1 2 37
1 1 2 1
2 1 3 85
2 2 3 43
1 1 2 95
2 2 3 68
1 1 3 26
5
45 40 18 45 78 
2
1 3 3 74
1 2 3 67
5
60 67 52 81 34 
12
2 1 1 22
2 1 1 77
1 4 5 100
1 3 5 55
1 2 3 67
2 5 5 30
2 2 2 60
2 2 2 60
1 4 4 72
1 4 4 85
2 1 2 91
2 1 3 0
8
34 36 71 94 66 63 55 22 
13
2 1 7 48
2 3 4 8
2 6 7 46
1 3 5 80
2 6 8 31
2 3 5 72
1 1 3 47
2 4 6 88
2 3 4 82
2 2 5 52
2 4 8 60
2 1 6 52
2 6 8 71
8
8 2 19 73 15 18 25 50 
9
1 1 5 7
1 4 8 49
2 5 5 11
2 5 8 20
2 2 2 89
2 1 2 50
2 1 6 1
1 2 3 79
1 4 5 20
9
36 34 100 56 45 14 43 85 0 
8
2 4 9 36
2 2 7 14
2 4 9 70
1 2 8 79
2 1 8 64
2 1 7 0
2 3 6 87
1 4 6 12
3
14 83 100 
18
1 1 2 47
1 1 3 84
1 2 3 36
2 2 3 98
1 3 3 79
2 2 2 43
1 1 3 95
2 1 3 89
2 3 3 41
2 2 3 54
1 3 3 64
1 2 3 32
2 1 3 74
2 1 3 98
2 3 3 10
2 3 3 63
2 1 1 9
1 1 3 89
3
19 53 77 
4
1 2 2 9
2 2 3 83
2 3 3 3
2 2 3 69
3
48 99 23 
15
1 1 3 53
2 1 1 53
2 1 1 31
1 1 3 26
2 2 2 30
1 2 3 68
2 1 2 33
2 1 1 53
2 2 3 46
2 2 3 44
2 2 2 8
1 1 2 76
1 1 1 78
1 1 1 87
1 1 2 99
3
51 21 80 
19
1 1 3 33
1 3 3 28
2 1 1 64
2 1 3 17
2 3 3 32
2 2 3 8
2 2 2 72
2 1 2 5
2 2 3 71
1 2 3 46
2 1 3 25
2 1 2 51
1 2 2 31
2 3 3 40
1 2 3 63
1 2 2 2
1 3 3 42
1 2 2 94
2 1 2 40
3
57 83 27 
18
2 3 3 89
2 1 3 77
2 2 2 85
2 1 2 2
1 1 3 16
2 3 3 68
2 2 3 40
2 2 3 53
2 1 2 98
2 2 2 67
1 3 3 5
2 1 3 66
1 1 3 47
2 1 3 50
1 2 3 36
2 2 3 5
1 3 3 70
2 1 2 47
4
52 40 80 26 
7
1 3 3 53
2 1 2 84
1 2 3 9
1 1 1 99
1 2 4 46
2 2 3 59
2 1 3 100
7
92 18 12 59 38 14 97 
10
2 3 7 30
1 4 5 83
1 4 7 9
2 1 5 32
1 3 4 68
2 2 7 58
1 1 4 61
1 3 3 26
1 5 7 24
2 1 2 21
3
97 65 5 
6
1 1 1 17
2 1 2 87
1 2 3 78
2 1 1 98
1 2 3 81
1 2 3 23
8
55 42 98 86 13 25 49 10 
13
2 4 8 27
1 2 3 32
2 4 5 44
2 2 7 91
1 3 4 83
1 7 7 88
1 3 8 89
1 5 5 14
2 1 4 89
1 3 7 91
1 3 4 3
2 5 8 60
1 2 6 58
1
45 
7
1 1 1 85
2 1 1 25
2 1 1 4
2 1 1 73
2 1 1 70
1 1 1 42
1 1 1 37
2
48 63 
17
2 1 1 93
2 2 2 87
2 1 1 34
2 1 1 59
1 1 2 55
2 1 2 79
2 1 2 37
1 1 2 71
1 1 2 32
2 2 2 59
1 2 2 90
1 1 2 60
2 1 2 42
2 1 2 0
1 1 2 80
1 1 2 28
2 1 1 54
5
79 58 86 37 13 
6
2 3 4 66
2 3 5 52
1 1 2 99
2 4 4 25
1 2 3 69
2 2 5 4
7
84 73 24 20 86 30 89 
20
1 5 7 13
2 2 5 30
1 1 4 63
1 3 5 49
1 1 6 64
1 6 7 38
2 2 2 40
2 6 7 83
2 2 3 28
1 1 3 32
2 4 6 96
1 3 6 42
2 1 3 68
2 4 4 34
2 3 5 40
1 2 3 81
2 2 7 72
1 2 2 8
1 6 7 99
2 1 2 98
9
31 73 29 3 6 65 38 81 4 
6
2 2 5 45
1 7 8 50
1 1 5 77
2 3 6 16
2 1 3 9
2 2 9 93
2
65 59 
19
1 2 2 12
2 1 2 73
1 1 1 68
2 1 2 15
2 1 2 3
2 1 1 5
2 1 1 80
1 1 2 43
2 2 2 36
1 1 2 55
2 1 2 21
1 1 2 96
2 2 2 76
2 1 2 4
2 1 2 58
1 1 2 48
2 2 2 46
2 1 2 59
1 1 1 59
1
54 
9
1 1 1 88
1 1 1 39
2 1 1 50
2 1 1 2
2 1 1 12
1 1 1 67
1 1 1 22
1 1 1 69
2 1 1 43
3
82 50 38 
20
1 1 1 14
1 1 1 89
2 1 3 55
1 3 3 75
2 2 3 2
2 1 2 79
2 1 2 80
1 1 1 6
2 2 3 32
2 1 1 47
2 1 2 68
2 1 2 20
2 2 2 78
1 2 2 96
2 1 3 91
1 1 2 26
1 1 1 33
1 2 3 46
2 1 3 5
2 2 3 62
2
6 36 
7
2 1 2 70
2 1 2 62
1 1 2 60
1 2 2 21
1 2 2 83
1 1 2 21
2 1 2 31
7
67 76 50 64 45 35 1 
13
1 1 4 59
2 5 7 61
1 1 4 54
1 3 5 63
2 1 3 64
2 5 6 66
1 4 5 26
1 3 7 48
1 1 3 62
2 2 5 27
1 3 4 1
1 5 7 19
2 3 7 26
7
58 53 41 73 45 18 56 
11
1 1 6 63
1 3 6 5
2 2 5 56
2 2 3 38
1 2 4 49
1 4 4 67
1 1 3 77
2 4 7 75
1 2 7 27
1 3 5 81
2 4 6 28
7
32 33 1 86 82 27 32 
7
1 2 7 44
2 7 7 24
2 7 7 10
2 2 6 34
1 3 6 26
1 1 2 47
2 4 7 25
1
23 
2
1 1 1 15
1 1 1 59
3
39 59 3 
6
2 1 2 83
1 1 3 37
1 1 2 62
1 2 3 2
2 2 3 41
1 1 2 5
6
53 62 40 78 32 51 
14
1 2 2 58
2 5 6 74
1 2 3 73
2 1 6 15
2 5 6 99
1 4 6 49
1 2 6 5
1 2 6 75
1 1 4 96
2 2 2 53
1 1 1 46
1 5 6 91
2 3 6 80
1 2 6 46
2
17 47 
8
1 1 1 59
1 1 2 94
1 1 1 15
2 1 2 86
1 2 2 81
1 2 2 50
1 1 2 69
2 1 2 8
9
34 82 23 54 41 1 43 19 84 
7
1 2 5 55
1 5 6 72
2 4 8 17
1 5 6 17
2 1 7 88
1 3 8 93
1 6 6 92
2
75 20 
19
2 1 2 32
2 1 1 16
1 1 1 81
2 2 2 99
2 1 2 83
1 1 2 54
1 1 2 99
2 1 1 68
2 1 2 20
1 1 2 96
1 2 2 23
2 1 1 18
1 1 2 31
1 1 2 60
2 1 2 10
2 1 1 20
2 1 2 31
1 1 2 15
1 2 2 24
6
42 43 66 43 41 11 
7
1 1 4 36
2 1 5 3
2 1 6 37
1 2 3 44
1 3 5 48
1 3 3 3
2 2 5 55
8
32 41 45 36 77 66 65 55 
4
1 1 5 59
2 1 3 4
2 1 3 10
1 1 8 10
8
91 40 84 80 93 16 87 3 
6
2 1 6 83
2 7 8 62
1 1 1 85
1 3 8 20
2 2 6 72
1 6 7 50
7
96 3 0 82 7 18 11 
19
2 2 4 14
2 3 5 3
1 3 7 81
2 2 7 88
1 2 4 62
2 6 7 68
1 1 5 74
1 1 4 58
2 2 5 37
1 1 1 30
1 2 7 15
2 6 7 34
2 4 6 20
2 2 2 37
1 4 7 92
2 1 7 60
1 4 4 11
2 1 4 46
1 2 6 78
7
78 10 44 39 30 90 39 
12
2 4 4 5
2 3 4 29
1 4 6 8
1 4 5 37
2 1 5 74
2 3 6 10
2 2 2 30
2 1 4 37
2 2 6 38
2 6 6 8
2 3 3 95
2 1 4 74
1
47 
7
2 1 1 6
1 1 1 69
1 1 1 73
2 1 1 44
2 1 1 80
2 1 1 56
2 1 1 72
2
18 31 
4
2 1 2 6
1 1 1 30
2 1 1 42
1 1 2 0
4
47 15 78 8 
20
1 3 4 24
1 2 3 31
2 2 4 66
1 3 4 93
2 1 3 70
1 2 4 94
2 2 4 11
1 1 1 93
1 4 4 89
2 1 3 40
2 1 3 55
2 2 3 32
2 3 4 7
1 1 2 10
2 4 4 17
2 2 4 65
1 1 2 32
2 4 4 88
2 4 4 31
2 1 3 77
5
84 82 20 84 58 
8
1 1 1 65
2 3 4 94
2 2 2 36
2 1 2 69
2 1 3 14
2 1 1 2
2 3 4 82
1 1 3 42
9
74 4 34 47 64 38 45 43 40 
19
1 8 9 95
2 7 8 56
1 2 5 55
2 6 9 14
2 5 6 9
1 3 7 20
2 7 8 41
2 3 7 66
1 4 6 61
1 2 8 73
2 7 8 64
1 2 7 22
2 1 4 59
2 8 9 36
2 1 5 82
1 5 7 8
1 1 6 34
1 4 8 100
1 4 7 22
5
44 78 70 42 36 
3
2 2 5 72
2 1 3 45
2 4 5 41
1
77 
14
2 1 1 59
2 1 1 63
1 1 1 60
1 1 1 75
2 1 1 13
2 1 1 29
2 1 1 8
1 1 1 1
2 1 1 54
2 1 1 54
2 1 1 19
1 1 1 32
2 1 1 54
1 1 1 50
2
58 20 
9
1 2 2 6
1 2 2 92
1 2 2 16
2 1 2 85
2 1 1 41
1 1 1 95
2 1 1 36
2 1 2 99
1 1 2 29
7
87 26 73 99 8 100 23 
19
1 1 3 72
1 3 3 59
2 6 7 39
2 7 7 21
2 4 7 27
2 1 1 82
1 4 7 79
2 1 7 96
1 1 2 0
1 2 3 94
1 3 5 11
2 2 7 61
2 2 4 12
1 1 7 71
1 2 7 1
2 1 6 100
2 2 5 75
1 4 7 36
2 1 2 52
6
12 6 8 66 85 65 
16
1 2 4 86
2 1 4 87
1 4 5 8
2 5 6 90
1 2 5 50
2 3 6 60
1 3 3 90
1 5 6 47
2 4 6 50
2 1 2 69
1 2 6 11
2 6 6 48
2 2 5 22
2 2 6 44
2 1 1 20
1 2 6 24
2
40 80 
16
2 1 1 85
2 2 2 37
1 2 2 25
2 2 2 49
2 2 2 56
1 1 2 73
2 2 2 87
1 1 2 59
2 1 2 78
2 1 1 20
2 1 2 20
1 2 2 95
1 1 1 95
2 1 2 96
2 2 2 77
1 1 2 12
7
56 63 16 36 83 16 2 
6
1 1 3 51
2 1 6 98
1 3 6 18
1 1 5 28
1 5 5 5
2 2 3 75
7
91 30 8 6 99 1 8 
15
2 5 7 58
1 5 6 53
1 2 4 35
2 1 3 49
1 2 7 44
2 5 5 55
1 1 5 15
2 3 6 81
2 6 6 70
1 2 3 3
1 2 6 44
1 4 4 89
2 1 2 93
1 3 4 66
1 5 6 2
7
50 86 39 89 21 17 44 
16
1 2 4 82
1 2 4 57
1 1 5 74
2 2 4 53
2 2 7 100
1 1 5 46
1 1 7 62
2 6 7 54
1 3 3 12
1 1 3 53
1 1 2 70
2 6 7 25
1 4 7 95
2 1 7 9
2 2 7 95
2 1 6 44
6
22 65 83 58 84 34 
4
1 3 6 46
1 5 6 16
2 1 4 4
2 4 5 6
5
67 29 95 82 39 
18
1 2 2 40
1 1 5 13
2 3 5 77
1 4 5 79
1 3 4 49
1 1 5 2
2 3 4 37
2 1 5 85
1 1 3 26
1 3 5 52
2 3 4 8
1 2 4 41
2 3 4 46
2 1 5 18
1 2 3 74
2 3 3 79
1 2 3 87
2 1 4 74
3
82 98 76 
5
1 1 2 41
2 2 3 79
2 2 2 100
2 2 3 86
2 2 3 89
5
17 59 42 91 59 
10
2 1 3 84
2 3 4 81
2 1 3 66
2 1 2 95
1 1 5 40
2 4 5 54
2 1 2 7
1 3 4 78
1 1 1 72
2 4 4 67
8
32 8 49 7 2 3 66 94 
8
2 3 5 33
1 4 4 22
1 2 2 50
2 4 6 100
1 6 7 73
2 2 7 83
2 4 5 92
1 2 3 84
8
16 4 23 43 27 41 38 43 
4
2 2 3 27
1 5 6 44
1 3 7 41
2 5 8 99
2
87 22 
10
2 1 1 84
1 1 2 3
1 1 2 21
1 1 1 48
2 2 2 70
1 1 2 28
1 2 2 34
1 1 1 73
2 1 2 63
2 2 2 12
1
33 
2
1 1 1 98
2 1 1 71
5
81 20 68 1 47 
8
2 1 4 91
2 5 5 68
2 3 4 5
2 2 3 7
1 2 5 5
1 2 2 37
2 2 5 39
1 4 4 0
4
92 37 89 5 
4
1 3 4 52
2 3 4 17
1 3 4 70
2 1 1 51
1
83 
15
1 1 1 21
1 1 1 16
2 1 1 45
1 1 1 71
2 1 1 84
1 1 1 4
2 1 1 71
2 1 1 70
1 1 1 41
2 1 1 21
1 1 1 70
1 1 1 93
1 1 1 32
2 1 1 38
2 1 1 90
4
26 53 95 49 
16
2 1 3 50
1 2 2 97
1 3 3 11
2 1 3 4
2 3 4 5
1 1 3 61
2 3 3 15
2 2 3 36
1 2 4 56
1 3 4 89
2 1 2 26
1 2 3 100
1 1 4 31
1 1 4 30
2 2 4 78
2 1 4 51
9
73 8 25 92 98 90 50 64 82 
10
1 3 6 12
2 1 8 36
2 2 6 21
1 6 9 39
2 1 6 49
2 7 7 42
1 8 9 29
2 1 7 76
1 3 6 0
2 1 6 96
