50.265482
254.469005
355089.447184
124756.187233
251607.014033
28952.917895
19113.449704
1165690.993051
333875.900853
258769.845284
1050874.044608
1771948.793321
250424.963028
635641.553529
0.000000
66051.985542
444664.981737
1828937.853548
621.316663
107426.212523
0.000000
19354.663054
0.000000
212614.716977
14618.388483
11064.832399
0.000000
0.000000
0.000000
0.000000
0.000000
78961.598065
1493937.988672
1004833.892779
0.000000
57255.526112
23778.714795
0.000000
212371.663383
208830.576055
1331410.108184
537539.428417
134614.103614
653250.210017
451.600263
0.000000
0.000000
142530.917101
676372.331947
6361.725124
14102.609422
24884.555409
20106.192983
523065.249100
90792.027689
54777.641622
586296.587384
0.000000
1031475.974360
366286.674923
403891.700051
1080000.845829
254847.552668
0.000000
0.000000
636172.512352
468861.156253
177462.518087
0.000000
45238.934212
44507.249157
33329.156462
9852.034562
270309.964390
0.000000
0.000000
5281.017251
0.000000
0.000000
197437.979412
49875.924968
346278.908649
444145.802994
11706.879576
52867.298536
61575.216010
53912.871528
1431000.377493
509944.276487
0.000000
493736.471751
1370113.211957
103604.183333
0.000000
30171.855845
55251.858174
0.000000
105208.796376
773407.942318
321699.087728
15479.786270
0.000000
0.000000
378355.830071
856751.414815
147317.489959
1280022.830104
0.000000
0.000000
164840.615115
98422.956244
1089884.464976
314.159265
12093.677114
315695.504167
71631.454095
12468.981242
253388.297068
59245.230801
5552.142581
0.000000
65144.065265
154162.363978
100885.728493
339898.255034
296993.633050
177952.374270
9852.034562
237582.944428
290333.426674
1039302.968631
0.000000
0.000000
234587.633537
463673.437066
0.000000
39371.840912
603744.703601
656174.694060
255175.863288
0.000000
22405.815095
0.000000
8171.282492
222202.937198
445473.427378
44488.093567
0.000000
1589636.655398
219497.545603
1754350.438214
1171371.981964
0.000000
0.000000
25279.969709
163745.043471
18915.765861
1324569.773371
111829.934604
453645.979178
0.000000
278262.955667
124712.686220
2727.417512
106361.760880
0.000000
452.389342
61605.815864
12076.282160
0.000000
90700.484832
69746.498502
38013.271108
247107.817408
799149.924124
266033.207499
295440.418298
179450.913966
0.000000
555695.881615
65144.065265
542937.140649
6939.778172
147934.456465
714695.486583
62574.974691
0.000000
1548189.426060
564782.960892
615.752160
677082.423487
1963.495408
283212.160044
2642.079422
194781.886115
58106.897721
0.000000
237582.944428
0.000000
263536.735816
556659.398225
0.000000
0.000000
15393.804003
309748.469273
498200.263996
703622.857074
31415.926536
62458.003546
81257.300638
627338.461828
566806.326747
17054.603608
1077804.933994
212929.611529
1831872.546310
2827.433388
736085.818206
806441.076233
179450.913966
337868.518089
78.539816
7065.781934
6082.123377
154079.183064
50457.123515
0.000000
816704.744259
401508.573749
176.362441
696022.125201
1478711.624439
5808.804816
186879.882624
0.000000
0.000000
1676175.572080
831660.836498
305815.195271
30299.859983
778305.169116
71631.454095
0.000000
1558289.461944
16741.547251
385373.924672
118236.981111
56410.437688
602695.701035
295199.273814
1064132.829995
907938.194616
0.000000
28728.463420
2801.294131
234915.719557
565.235892
74690.246219
57575.078852
369758.794955
48631.540954
290333.426674
1921159.305894
404837.458923
310644.149775
10568.317687
0.000000
428601.857173
962258.226079
125663.706144
407150.407905
0.000000
420498.158712
518890.284898
952213.877471
650388.219109
158123.383566
50670.747910
380.132711
1437575.560454
76453.798818
411686.867697
0.000000
2188594.909471
878514.265881
1210764.139911
44980.696806
314.159265
63347.074267
0.000000
157632.552987
2546017.103803
71631.454095
755303.362811
1119691.896073
410856.228573
489115.577568
254.469005
286525.816378
759674.573355
1808.373793
279222.745394
35874.787034
1358234.070557
533266.503391
71631.454095
283866.615427
1864199.318476
38014.562415
627372.391248
41162.854531
676562.432824
567450.173055
0.000000
1982169.664142
0.000000
835862.111759
57255.526112
452.389342
616202.236752
13029.460125
0.000000
238907.088300
717803.655863
0.000000
25446.900494
1172345.062009
49875.924968
931296.491582
157388.628598
210849.040567
104062.115058
6082.123377
734861.569848
0.000000
50988.339060
248305.099914
320768.830346
0.000000
393691.824977
1385.442360
0.000000
622113.885227
0.000000
330436.996284
345191.249469
1209510.375502
1045482.852409
267357.447368
41.545369
104062.115058
12477.698898
33368.971982
5584.399381
277116.746381
0.000000
2290.221044
1465736.873301
0.000000
49351.607792
44138.161222
495143.276540
234139.758879
909409.275225
533669.254592
0.000000
255240.060240
4071.504079
24401.183059
728513.226115
0.000000
825435.148495
30636.082808
2209053.543818
179450.913966
801261.478770
1633015.394974
3024.076409
0.000000
0.000000
1513351.630297
280861.524824
118236.981111
560870.083680
12.566371
227328.786006
0.000000
218956.441585
76311.546234
0.000000
165913.741838
97313.974038
1046172.171131
32066.083510
13964.250443
35254.082660
0.000000
0.000000
1056831.768668
548521.152674
168044.555599
0.000000
623440.490038
100471.897604
18681.953028
327759.219956
1256945.800894
267864.756016
125663.706144
72469.166470
394331.375588
127273.346902
1587151.632619
1206122.141882
0.000000
0.000000
50072.238784
560044.944020
0.000000
62603.775560
23118.982420
255175.863288
349090.938207
6654.819523
0.000000
234967.288811
0.000000
0.000000
0.000000
206136.865032
884249.005182
2106.410607
491316.436711
235519.474860
994.527976
170326.335049
727480.302594
98419.220143
232993.496548
0.000000
501093.325816
236412.569015
152508.131211
280964.722293
0.000000
708821.842466
0.000000
367902.463911
764907.877667
0.000000
205917.415698
68231.860852
610875.967514
0.000000
804.247719
179450.913966
0.000000
21783.506109
413125.408261
1448403.018604
0.000000
101146.166745
66991.149093
113.097336
0.000000
964226.843984
825002.576628
10581.982113
33869.227046
13832.836908
0.000000
95114.859180
255608.014749
13436.817470
0.000000
81815.771909
1452672.443020
1865364.408278
359535.437081
30845.559493
0.000000
5588.938936
79422.603875
706.858347
11689.866264
12076.282160
393691.824977
547859.199646
0.000000
0.000000
0.000000
656260.796773
313706.876017
0.000000
79051.578054
689817.345306
934934.506473
117961.581209
730598.445111
1538184.683844
0.000000
630530.211946
0.000000
523663.829844
28.274334
45996.058041
763965.837522
6361.725124
53933.277906
1695667.213176
1696462.367303
87110.433288
11341.147638
0.000000
477836.242611
856033.732621
364805.380305
551106.574427
0.000000
0.000000
0.000000
0.000000
717803.655863
475388.941934
902567.003006
329315.658497
35968.094291
0.000000
1209611.282947
43623.678747
0.000000
1421356.570128
323778.146952
0.000000
502844.005299
0.000000
797283.395102
300620.451128
156795.479256
14522.808115
97138.499829
183737.086620
242856.820316
181944.552723
0.000000
910182.031315
239313.961980
279671.439493
0.000000
706.858347
0.000000
83468.975213
161883.127847
45963.933152
1004700.623879
255175.863288
1431625.073888
533266.503391
136052.588598
19077.290682
125663.706144
923627.935469
745566.420596
143872.377164
1274863.656053
2290.221044
167137.954374
569263.978385
0.000000
184784.885085
140753.003668
333099.220945
14102.609422
0.000000
930920.071884
40114.996594
301907.054010
1985065.032995
421866.702828
1177492.925343
503350.811043
0.000000
30790.749598
223876.491737
31415.926536
1830944.570458
633348.220556
1086186.810423
0.000000
12909.388685
0.000000
184341.172602
0.000000
700490.735996
644683.086851
5026.548246
27357.020495
375353.100957
742031.618407
207499.053177
1428.058442
49171.008321
107042.447507
667522.267520
363245.859449
780577.213785
1256.637061
14957.122624
65685.085308
587312.367070
0.000000
69746.498502
709468.852683
554176.944093
593925.893817
317530.248385
233228.708516
78426.719004
25446.900494
14526.724430
0.000000
653730.364808
33979.466141
938288.672403
589449.022445
278985.994009
24884.555409
476.919448
263584.201632
169515.082278
0.000000
1056831.768668
0.000000
528109.342755
1944.315634
127889.043042
85529.859994
0.000000
0.000000
381641.889057
432931.044893
0.000000
67886.675651
285367.991032
293216.366232
17203.361371
28914.862782
314.159265
134614.103614
776482.603582
32685.129968
81624.383907
397675.735591
2336.960067
106793.707453
60084.497611
186152.121552
0.000000
0.000000
916573.488068
167638.525588
9477.599329
427762.397305
0.000000
427762.397305
331830.724035
64242.428173
804179.271603
0.000000
988725.181530
63712.422903
3848.451001
484667.958711
1044214.086721
1197254.044066
114608.441596
342119.439976
52543.504353
1101426.102299
346278.908649
593416.543156
737792.758979
107753.174111
0.000000
63347.074267
194686.627925
207276.829554
83696.022929
305815.195271
0.000000
249503.725316
1404307.431805
6195.909881
914489.577224
733077.078742
0.000000
0.000000
427466.073963
0.000000
1476.017871
452.389342
0.000000
29436.964731
84496.276011
16286.016316
25754.126218
0.000000
303250.713311
1963.495408
132321.741893
361.966095
365307.535352
188574.099032
51471.854036
179955.729741
1440449.983299
0.000000
0.000000
146574.146846
254.469005
45170.832401
2199.831694
340049.130417
10568.317687
711809.497080
1661.902514
122013.779835
138784.046469
804.247719
183036.701175
1071459.024063
0.000000
134418.125377
273897.605712
34636.059006
650388.219109
391899.060166
135900.227770
429426.206180
1552603.363738
174073.563620
89727.027779
388994.059336
546917.777711
0.000000
44488.093567
610391.712542
1112022.522150
44488.093567
167018.832686
623559.875226
1755799.879583
988648.292189
158416.089559
959209.871482
820659.216061
1339603.381825
427753.421639
33329.156462
0.000000
463367.396801
3019.070540
1524036.832863
12443.082569
41.319461
109858.353503
23235.219266
2039241.124130
970631.764895
434716.652315
33602.148901
298024.045490
1138259.367843
766157.302384
9503.317777
148382.954843
74506.011373
78113.407328
253659.896245
223742.992659
14007.300567
0.000000
548931.262739
94238.319094
369357.643862
191665.426203
26236.660622
627698.451167
28031.700879
112220.831179
66070.507648
33979.466141
27171.634861
250860.182015
125663.706144
1052426.602631
1592214.411050
0.000000
653443.725768
430346.626109
22073.470303
342119.439976
37743.275763
1360770.512759
173984.667760
50763.641479
0.000000
497640.842699
0.000000
118929.818531
260576.261059
311724.531052
3.141593
27720.001752
0.000000
188574.099032
273397.100679
119459.060653
491593.561077
486280.693316
6564.720447
4582.480158
2006.670346
327759.219956
402085.361068
780524.456771
28352.873699
507407.163790
1077177.016974
1584694.592616
88668.311055
53092.915846
1492815.813547
589544.313750
1160830.201336
61575.216010
55850.767147
1390895.121411
31415.926536
196349.540849
0.000000
400496.985053
595948.156685
0.000000
352064.452422
103534.926081
36837.173683
725159.353473
2894.945530
0.000000
1042305.044237
166190.251375
158253.610955
912792.093025
80669.237903
1160354.047990
1960260.390996
7499.312944
90792.027689
172021.047340
75476.763502
416248.460230
647577.220260
673381.923452
259143.670176
78.539816
294518.152293
0.000000
859316.696944
143794.833783
38013.271108
222286.529797
699227.713542
117878.948052
169853.253801
8612.626361
1087568.954837
0.000000
454630.654507
160459.986375
25863.984812
13273.228961
629082.585924
0.000000
278985.994009
153.938040
132626.638749
5801.255604
1340430.996154
804.247719
0.000000
0.000000
0.000000
3019.070540
1050575.251312
0.000000
91863.310784
475388.941934
425131.337470
319691.610022
0.000000
83932.476736
0.000000
32047.386659
13273.228961
1131255.955110
0.000000
608081.251788
668910.270823
0.000000
359071.140064
1256.637061
0.000000
839764.767747
1104498.508458
682215.694283
24884.555409
2314.273203
166241.932251
0.000000
1006428.056133
917540.185131
6725.083445
101531.338901
392459.049691
284800.320622
37988.568467
58348.527162
888703.919724
393135.943280
153739.813897
0.000000
543671.458260
1332.389048
0.000000
0.000000
150673.925259
36643.536711
83633.576938
52833.804822
227400.918605
1021350.970213
1177846.408169
380459.436720
846222.538764
487688.277173
0.000000
109858.353503
574106.974954
429854.586292
0.000000
658993.041388
0.000000
371763.508255
10394.914159
58678.780050
63360.004966
100659.770214
224748.626211
587508.360987
20044.261950
111353.593040
201090.204164
118313.624137
10327.787535
727508.447217
510222.921277
130740.519872
485789.429073
1208370.401017
26969.756394
350929.628338
874155.874767
0.000000
37453.990071
634046.975559
0.000000
992500.221184
321370.539169
0.000000
4923.116346
361163.401901
1078810.350872
253388.297068
1643325.288233
0.000000
47529.155256
0.000000
34636.059006
0.000000
683494.518016
675683.457998
21091.542388
0.000000
658339.493848
1068420.322380
298799.624511
997709.749265
19606.679751
27759.112687