1000
236 -275 405
372 -195 4
499 -293 9
425 163 700
-366 -32 591
395 -351 732
-260 333 277
269 240 568
-53 -356 711
-336 -358 283
182 -273 96
155 351 989
218 -2 78
417 240 414
-317 287 830
-442 -246 778
-70 -128 895
-69 -341 326
-122 331 287
-419 458 925
-104 414 579
-24 208 791
-242 -172 842
-110 -192 762
-189 -300 578
129 -383 288
4 494 650
262 -340 931
168 -338 461
484 372 81
0 -66 432
146 53 145
58 368 402
328 182 616
344 -418 882
425 -383 763
9 -64 86
-65 368 364
337 -378 316
-331 -145 652
401 353 89
436 -86 94
291 -20 558
-153 371 138
293 209 37
-251 -425 141
463 -371 366
419 49 476
117 -411 80
-294 193 761
435 -92 158
364 -211 76
-370 435 372
487 46 131
113 43 40
4 474 118
176 185 164
-417 90 219
380 320 48
335 192 24
-331 221 41
194 -307 258
-403 409 371
-48 218 267
-440 69 996
-63 327 737
-484 -397 934
44 -384 617
-101 376 335
-377 -189 178
33 -143 960
-65 -254 135
-84 -340 87
-134 -494 990
420 368 28
-269 -299 924
378 169 260
379 -15 454
75 -141 785
-464 402 371
-84 -290 651
-174 -212 814
-100 -53 700
-351 453 551
186 -12 874
-362 107 207
-429 479 456
-332 499 909
168 -136 181
-148 85 213
-418 -467 371
-324 406 230
-41 -59 88
-426 109 17
246 -64 908
226 -363 213
85 -311 798
182 -366 464
-161 411 747
-358 191 45
-81 -57 569
-356 -462 67
-213 36 89
162 359 784
374 -499 937
-324 -96 80
347 -251 745
-336 -346 596
71 -185 818
131 412 170
-49 23 447
173 -404 222
-218 -180 432
-212 68 957
272 -207 383
-403 -455 28
29 488 573
166 457 797
-157 112 432
121 -261 606
-447 242 463
17 172 607
104 79 593
327 63 773
-131 -401 619
-80 218 439
-21 457 180
-9 -347 135
363 231 149
-463 -43 340
186 -412 450
410 -194 929
-153 -418 836
52 188 458
-473 113 279
-33 -272 703
429 182 72
-463 -475 463
-105 154 495
-202 -27 120
437 -237 671
-299 345 400
-276 499 103
41 464 501
413 -201 56
110 352 805
367 -36 456
-337 -335 749
-449 335 382
445 -226 42
-158 -290 9
283 474 249
-356 -345 41
-52 78 952
404 -459 76
-379 -38 669
-303 -350 305
329 397 204
333 477 323
184 426 289
-104 -243 899
33 -455 126
-380 -408 715
-396 -35 332
457 148 376
80 410 909
454 -98 801
-355 308 171
-414 68 427
217 -55 377
-455 -49 140
-348 -326 794
4 76 131
-343 48 625
65 150 738
-164 261 785
-185 -106 586
33 -415 494
-342 -378 247
208 454 440
72 379 564
29 -485 920
-250 -471 922
59 33 822
-399 38 523
6 -238 249
-15 374 650
497 -432 190
-103 -465 98
375 -435 591
-189 452 401
492 4 571
197 -301 167
-42 341 29
-211 285 526
-382 141 183
-386 482 710
65 -68 812
199 405 320
173 140 878
356 -406 443
-260 -29 350
-104 219 321
347 -490 169
-76 -430 167
-488 96 156
-154 95 729
471 -405 592
-155 -46 894
126 479 610
-496 333 932
352 -249 391
72 -319 736
340 144 935
258 -78 69
-431 399 717
-409 -145 182
344 -423 481
240 -20 532
-279 -312 400
-146 -323 678
-493 -44 177
421 470 869
284 324 589
162 18 506
-144 -245 10
462 173 411
137 -459 360
182 -128 317
285 -206 856
-30 -283 964
279 -385 151
101 94 63
-150 269 823
364 -88 758
298 -264 284
44 -26 562
-352 147 138
212 -216 145
306 426 547
134 354 285
211 -398 414
81 307 926
350 132 144
262 -244 400
-20 -259 263
251 423 272
-387 -323 966
-136 476 329
368 339 849
448 -370 945
-107 258 387
-352 -355 238
277 -352 905
-324 36 648
-320 137 56
-74 -190 275
-169 -183 941
-242 167 977
-316 -354 304
185 -179 725
-106 348 865
407 422 21
138 -451 190
-45 432 431
155 -499 452
-442 -147 946
58 344 277
-91 -232 756
-374 399 547
42 -384 221
-84 371 450
-140 375 334
138 218 157
222 -377 958
-478 -322 501
-21 -135 646
419 -303 607
-109 129 285
-491 90 705
442 -438 12
48 487 464
473 236 427
-18 -442 496
-249 -473 161
-282 195 320
-409 -252 51
-57 -149 554
-293 234 498
475 24 677
453 50 377
145 -97 711
-425 281 119
-317 -47 726
-345 360 475
-89 -426 139
367 305 963
447 -276 876
-100 -190 462
-294 295 467
223 111 774
343 -171 958
184 87 652
94 -139 742
-491 -176 121
10 -481 69
342 305 604
-442 204 53
23 419 217
307 -122 503
-159 -303 322
-276 446 782
-34 380 480
-393 -73 191
67 -114 824
484 -467 861
-134 90 415
428 -237 493
-386 -304 620
-375 -237 380
-201 282 7
172 32 291
-93 -448 539
-296 -272 302
-305 189 497
-381 -414 392
361 -301 469
-331 -325 247
329 313 812
-154 154 184
-63 191 195
459 -412 270
386 380 527
173 261 12
-242 413 525
312 -248 501
-349 -122 695
258 -72 62
281 16 216
-97 -434 184
122 -424 210
395 66 624
-35 269 991
472 209 149
316 255 788
-244 25 110
335 -460 297
-202 -66 875
322 -146 857
-279 65 633
2 -242 291
424 216 935
-261 316 371
99 193 534
-399 272 239
-318 345 355
-109 -303 54
80 231 182
-322 327 612
237 27 704
145 -185 865
496 7 144
-134 -491 807
-404 191 590
-274 -297 47
-170 295 948
-379 -398 625
-439 -51 217
-140 -455 839
268 -274 497
-304 -474 690
448 284 534
396 480 72
379 -18 170
400 247 830
418 196 702
452 -346 424
305 6 980
268 -433 14
85 -55 723
448 484 926
-221 356 548
210 72 930
-447 -22 25
447 -243 357
-82 -213 679
135 450 29
-305 411 640
-103 -363 795
-223 -48 249
-43 -308 136
-114 -377 575
199 -460 283
-202 354 42
-295 -14 275
230 40 891
-270 119 487
-31 -389 71
364 454 432
-23 -221 784
328 -104 609
-17 -111 486
-407 314 2
-161 -81 231
196 -43 139
-173 497 476
-215 -178 70
-327 -426 674
-355 335 684
13 326 314
-21 -259 527
408 -441 611
425 164 718
-340 206 805
-266 333 863
143 402 100
83 328 773
318 253 141
-237 -266 540
190 -379 179
-390 55 618
134 -411 809
-178 -270 737
337 37 565
-350 47 656
174 -267 81
357 -49 886
73 112 589
-416 -116 350
349 -104 820
316 258 818
449 -78 972
257 140 30
371 -375 588
175 -36 671
324 -234 499
36 -492 868
-285 493 943
-40 -255 870
101 167 239
-55 -110 529
200 369 535
394 479 395
128 431 5
-328 -11 146
363 -275 644
-265 -44 44
72 263 551
-114 -349 396
316 496 857
23 412 181
-16 103 326
389 -14 2
215 -403 213
-367 -62 575
61 -193 784
-29 -271 386
74 -394 443
-386 140 242
-100 -186 196
166 239 492
140 -313 932
307 -140 887
313 179 724
389 -220 628
192 -2 43
-81 469 762
-248 -142 282
-414 -73 297
427 160 34
-195 -278 87
248 -384 214
14 -488 958
210 -89 820
-365 -162 956
204 257 624
-236 344 312
-472 106 834
-52 -81 423
132 -383 105
178 414 969
110 -420 674
410 -284 672
-44 -207 151
-476 -324 84
420 -94 573
255 66 897
-325 -251 985
-54 345 73
200 366 529
-379 -302 485
88 131 712
-19 -128 194
453 296 975
139 -403 134
120 -67 855
318 153 438
158 71 845
499 -5 651
-197 -271 548
447 150 892
219 236 582
401 -448 969
104 448 824
-243 225 476
411 191 24
-362 280 392
197 238 283
436 221 371
-101 -451 511
309 453 808
-364 -55 436
-483 370 44
-234 -271 657
236 447 813
-413 -172 288
461 285 351
397 58 139
-481 123 489
315 333 865
135 184 819
-414 -435 186
105 175 304
380 -58 929
-467 -314 782
-496 -349 884
420 -402 984
407 224 359
410 194 689
-387 -235 663
170 -185 794
-244 -115 58
218 -135 165
-477 -465 250
331 -13 459
413 -153 396
157 -348 786
-341 378 988
457 -321 200
195 -459 984
-111 -333 360
-69 -130 643
490 -186 241
39 -386 87
80 -129 606
298 -369 390
-66 -117 412
420 -152 856
-423 -273 643
-406 142 756
-471 446 989
-204 153 455
178 -331 234
-250 -14 710
-14 -3 467
281 -65 127
-283 34 11
149 384 891
-348 -219 789
-379 213 867
114 -328 655
317 -232 156
-228 377 886
187 102 362
-179 -330 283
411 417 535
220 -125 967
-168 -186 969
-488 250 864
138 -200 768
38 -455 652
-43 -162 822
483 106 209
186 -340 492
-332 -182 689
87 40 10
-182 100 142
52 133 600
-177 -359 124
368 -5 303
-56 359 224
-60 21 571
-410 321 966
-313 153 962
26 290 894
-298 39 151
465 -6 518
198 -466 915
359 251 982
188 278 597
-83 -212 365
195 -358 651
-115 -46 575
126 88 426
338 2 9
-190 123 733
-58 456 302
-173 20 997
355 16 755
-232 236 689
-340 -229 422
-480 249 99
-323 32 331
3 -230 613
274 19 197
400 -479 461
-246 1 743
-103 295 797
-235 -158 412
-141 -220 1000
-192 -486 151
-361 -385 797
330 -472 407
465 -359 325
45 366 987
-69 163 772
177 364 645
-455 -406 467
165 -360 848
-396 132 619
209 354 385
-475 358 434
495 -415 920
-224 -86 623
29 241 425
385 269 793
-53 -280 249
-137 196 4
430 253 862
428 327 795
64 -462 88
78 121 107
-14 101 677
-498 141 701
-444 -70 135
-241 479 733
478 494 957
179 435 12
-67 459 764
-121 108 448
191 -288 145
343 276 517
447 -300 235
-192 -141 66
-106 255 391
-390 256 365
206 452 478
297 369 836
-331 -187 305
103 -84 138
-170 -418 90
34 -376 361
-284 343 795
240 -39 897
168 398 126
229 242 871
160 29 686
460 478 794
335 133 239
-278 305 797
-243 310 724
436 -135 458
179 -175 622
66 62 182
-46 -37 44
338 123 744
445 -23 502
406 384 814
238 -94 7
308 163 210
-412 -223 968
121 486 139
-478 391 804
384 21 528
-346 273 433
-484 312 326
-274 15 264
456 -101 97
122 474 557
161 306 354
-145 -379 425
-9 -499 21
-211 108 261
393 -358 51
256 -335 445
285 36 851
-310 -294 46
98 268 355
-97 -283 341
280 -187 645
-409 -449 691
-404 171 458
163 394 767
21 -61 809
-35 -482 709
251 -158 748
-428 371 979
238 -228 377
-1 244 185
267 -134 280
163 312 757
443 473 182
-393 -135 267
391 -370 614
-348 158 357
-114 -425 392
-307 479 345
-462 -403 585
376 -202 467
489 -318 297
344 -414 577
418 399 94
398 -93 830
-149 236 27
489 -391 847
417 91 859
364 -480 381
-444 242 456
-148 -219 441
446 215 443
-38 466 342
262 64 313
-78 -376 397
-12 -447 889
-256 -351 759
-475 -299 273
493 -185 861
138 -475 580
160 -290 907
272 288 435
-5 -485 248
260 279 275
253 216 663
-352 -484 656
150 356 36
207 323 865
325 -106 276
313 194 150
-54 208 882
-357 -462 643
325 -492 559
-393 261 270
160 -269 978
-356 -41 536
276 -448 311
346 -61 214
34 -41 952
-95 306 976
274 485 773
54 386 239
-353 150 767
482 427 912
353 107 914
-156 -280 983
-344 478 388
-461 -125 252
59 -491 53
-370 79 105
35 173 53
-322 -169 326
-187 -37 755
-302 -129 731
-440 -90 299
-167 14 807
436 -360 604
396 -314 194
-190 443 812
308 469 453
63 311 2
-151 61 594
455 218 269
270 231 556
445 34 220
-423 -396 456
363 -123 968
-64 114 264
7 -428 164
396 -112 619
-120 -403 226
258 431 385
144 192 445
185 -485 560
338 -97 872
165 369 176
-365 233 712
260 -108 982
10 -189 545
417 369 266
-403 316 888
190 -456 162
368 -463 654
-496 137 506
477 411 187
-134 345 300
-290 493 257
-429 -337 69
-128 -13 580
-203 221 953
-14 -196 524
340 92 648
465 184 246
238 289 427
75 447 43
-76 -491 636
71 -56 483
342 454 894
-289 16 379
-234 -352 270
-112 -418 189
482 -476 500
300 -93 323
475 -422 792
63 -352 803
-465 -242 844
157 -385 835
-96 -376 292
-318 -197 200
-3 -74 927
15 262 292
461 236 371
-458 398 856
471 417 596
-461 177 496
0 -134 353
102 -299 836
-150 -3 852
-418 -32 819
122 -141 811
-424 -57 175
373 138 160
46 448 330
472 -431 60
442 -110 153
248 -314 337
-449 238 746
404 171 756
-299 -211 267
-280 405 153
239 396 738
357 -302 186
63 494 387
338 -321 561
-243 -319 285
-147 60 764
47 150 377
-210 -213 651
72 -346 130
-446 -103 493
-324 -390 579
334 324 345
-409 111 365
-264 -357 567
-298 -236 206
376 27 462
28 -377 35
-3 99 433
489 -222 141
281 45 83
126 -89 530
-267 -335 346
-434 341 630
-486 -235 869
327 336 550
-449 -301 471
-85 404 442
135 -316 998
-254 39 539
-353 289 274
-243 106 612
470 -177 168
-56 -175 270
-82 287 588
220 -178 797
189 185 490
-468 48 390
-176 -236 285
40 -95 815
-416 354 300
92 -356 387
-276 10 113
-422 -186 480
41 -481 749
314 278 276
-255 31 878
117 174 232
217 -220 576
124 -343 495
-225 34 491
213 489 206
46 -137 139
-280 -158 475
-283 185 939
480 -468 232
-442 -491 504
-332 -13 434
-127 -438 611
420 -1 497
483 -286 759
-356 10 357
421 -328 344
128 342 374
-312 388 476
332 -169 591
104 256 156
-177 -325 659
-413 497 886
-209 -386 230
347 475 203
-319 338 883
-349 218 16
-344 234 239
-298 373 434
-340 334 343
213 -129 99
345 91 153
-479 343 816
-246 -165 425
178 396 891
-454 89 955
-400 225 679
396 443 176
-173 -476 145
324 385 753
-247 492 180
-345 -219 229
175 20 554
181 480 924
488 431 6
-267 314 510
-403 -398 191
349 415 682
21 -137 908
94 -302 602
414 -138 677
-358 270 781
484 -133 211
-49 464 254
-427 -463 869
-175 324 247
54 320 86
-229 89 239
-95 -243 86
245 -138 174
223 -183 606
41 -5 577
-334 204 338
195 286 363
-304 -277 453
-26 171 86
387 141 191
286 286 193
413 -424 790
-228 384 930
-209 259 680
-447 341 843
-182 161 919
122 -129 917
-249 328 339
-53 -383 358
354 161 434
245 -410 106
339 98 308
-450 158 304
416 -90 632
-369 -179 159
-440 244 970
-382 487 848
146 -30 15
-75 498 61
-23 383 240
39 66 655
-198 323 62
39 -219 354
-335 -415 863
306 -7 911
-225 -9 423
-149 452 92
-224 -34 91
265 -297 355
-267 355 117
-398 -480 409
308 53 324
-159 104 679
-87 414 486
318 -113 316
-102 -234 765
-161 148 232
255 -496 259
-157 -269 249
-459 474 778
13 221 534
415 -40 773
125 131 716
-169 -117 646
358 319 328
101 -170 507
-358 40 566
214 149 851
-259 -384 959
-375 301 938
-87 -380 64
-343 -188 15
-341 65 448
-113 316 979
-325 -281 125
123 -65 67
23 348 564
-472 430 620
-240 -110 3
407 68 965
74 -106 121
-72 -376 928
-381 -497 937
349 21 736
442 191 45
473 115 377
322 -408 222
-100 131 643
38 -112 953
241 338 863
-64 272 993
-327 -190 856
235 444 412
-400 -308 777
86 304 204
215 101 118
-298 -382 170
405 142 12
192 203 390
336 -30 722
226 50 980
-95 178 522
91 -500 752
-277 -8 425
-132 23 464
364 100 782
-273 -346 31
111 279 481
84 437 707
95 -442 37
57 396 691
-249 -417 17
262 -485 501
-54 417 262
-292 -109 871
-442 245 478
-479 -318 389
-312 -289 941
-80 -27 737
-195 -92 536
55 -185 350
248 446 885
219 159 107
219 0 924
133 390 418
-483 -426 141
149 -155 707
429 287 924
397 184 789
-208 -362 189
-422 69 159
62 179 276
25 -26 933
188 347 721
251 -286 580
81 90 383
-102 -18 88
426 -22 133
-219 -141 904
173 472 489
450 261 77
-153 -384 154
270 355 814
488 48 518
-179 -369 342
-21 -105 520
-292 202 225
391 165 892
318 -189 430
132 122 68
23 -365 452
-355 39 348
217 291 847
-349 -116 268
433 -32 369
355 251 399
268 -277 599
221 406 433
-347 324 96
-104 -325 175
379 15 923
253 -458 565
-50 383 681
-368 256 276
-405 -174 307
119 -401 822
-40 -169 44
-110 364 320
102 156 15
328 222 721
-261 -483 1
421 -156 541
-256 149 570
-170 267 163
-457 -250 227
-214 388 957
96 -288 806
122 416 124
-78 172 905
176 -395 690
274 -6 887
293 85 285
89 -283 696
-291 -300 968
204 -150 412
122 -91 980
485 490 674
-31 85 297
-297 -101 234
288 410 629
245 138 979
-169 423 200
-64 -480 690
148 -113 692
460 -432 957
231 296 615
-105 72 214
101 151 592
-436 91 841
101 68 813
487 403 951
159 -391 27
-494 29 392
-321 -431 450
166 148 545
76 -241 592
491 398 290
-90 230 270
-146 103 363
0 -386 523
279 450 703
418 -372 418
332 -259 337
412 224 759
-116 -47 67
-157 -307 732
48 206 556
167 -417 13
-258 -499 807
-483 332 929
-297 -138 996
208 396 113
116 -478 468
12 -380 310
13 52 915
-330 137 914
-346 337 802
-319 -363 488
-379 -265 765
211 -430 905
485 261 402
-76 387 957
-355 218 214
-393 -350 321
-86 10 271
-125 -96 99
117 -135 292
66 -308 377
-117 -285 100
-390 125 608
-89 93 798
-395 89 958
-293 436 761
-277 380 449
173 285 588
177 49 836
489 447 599
152 -488 191
-330 406 336
119 -363 615
-37 227 134
167 -399 511
-198 -420 253
-86 291 909
3 306 180
166 -486 498
369 -471 806
-389 26 831
2 9 920
-321 229 453
-330 -210 697
-20 8 40
228 478 431
-410 -103 529
288 273 669
423 -103 365
187 61 486
113 345 966
-269 166 257
-272 91 630
-41 180 24
-337 320 339
276 72 671
-240 -289 156
-242 -255 809
413 83 225
-20 186 608
491 426 731
296 -400 900
-3 119 346
110 442 888
-315 -396 826
374 338 449
-41 348 20
275 349 69
-135 375 913
-278 386 930
349 -415 275
420 -183 579
58 -436 603
-327 193 368
330 33 134
-255 79 443
-82 274 149
72 -59 601
-109 101 521
17 111 420
-272 335 941
245 462 468
369 236 595
-349 -62 585
-27 27 335
-425 106 862
102 456 280
236 -390 158
353 -446 404
-320 -326 999
-90 -262 90
-327 -276 292
-293 -198 68
241 180 472
-472 96 180
222 177 660
-369 -10 710
357 258 592
342 36 104
359 -350 667
-341 -415 966
-135 491 807
105 -64 530
167 -45 298
236 422 878
-5 177 89
-319 89 988
-482 393 897
-15 -473 96
-157 451 854
-429 -263 372
-217 454 723
-63 -317 395
471 -292 1
-204 464 131
18 93 580
161 -3 884
-405 404 223
-483 -363 231
39 -86 674
-359 -270 480
-352 270 65
-184 -112 380
-92 -492 234
-72 50 647
-197 250 165
-309 28 894
56 -347 108
-443 266 355
224 -444 57
-366 -21 402
336 -175 432
184 440 778
104 485 402
306 137 671
496 318 266
-104 -152 328
-8 464 147
347 212 839
-138 316 811
127 -185 313
211 -128 336
238 163 506
-109 357 74
-397 237 790
107 -488 293
184 -2 317
-286 335 10
-130 79 845
-37 -413 682
-10 -105 207
214 -401 948
-288 317 719
-465 -274 865
65 159 102
-154 96 184
-365 -375 604
-457 11 491
-84 354 600
243 -451 535
-336 176 338
-15 87 231
332 263 459
-315 -60 213
-63 349 470
-346 -241 275
-224 146 553
186 228 172
-73 -477 418
384 -226 191
-342 -164 38
455 224 939
-267 2 712
90 203 231
-316 -28 797
300 356 280
-427 190 518
391 -431 369
-34 -185 963
-414 -376 267
121 243 123
166 -2 783
160 -347 369
480 387 325
-51 365 944
373 -479 143
-157 -283 792
-386 146 823
364 -129 787
-203 -274 464
429 -20 161
0 185 791
216 201 561
-425 -380 311
341 289 883
390 313 784
238 -162 35
277 305 722
-101 -76 480
-174 -124 944
281 166 634
-486 277 756
-187 -137 842
-52 -251 191
-123 145 773
238 -28 922
-203 -388 330
-446 91 230
296 5 691
-276 488 908
-17 -31 706
-13 -56 974
-75 -191 332
-227 278 575
154 -432 933
373 -291 618
105 -271 541
122 -184 225
-99 275 587
380 32 295
-438 -284 149
-19 -44 142
-291 -264 657
-35 -246 266
76 -444 417
321 371 387
-333 -231 881
-60 362 313
-218 253 175
43 485 312
-148 286 742
434 -138 358
-491 -71 185
-272 354 498
187 -418 802
186 -221 873
383 -421 688
-273 -156 65
186 299 644
317 -157 588
283 186 748
-103 -140 638
482 60 788
-460 -465 684
-264 447 194
360 435 145
-338 -311 258
-451 -131 494
-469 -302 381
438 451 561
167 -375 223
-255 -308 136
-107 -255 48
55 164 12
28 151 849
-403 158 665
477 -39 91
-216 75 433
264 -42 189
326 -315 970
250 130 164
105 -48 580
65 -486 72
73 -38 198
-5 -227 144
-8 -392 194
494 -479 303
-173 -470 519
291 -168 522
175 11 284
17 104 25
142 66 330
183 -331 387
-64 30 248
-186 -230 49
-163 197 341
226 255 835
351 -156 245
91 -242 688
89 43 928
-356 63 128
-328 17 254
-23 103 499
116 317 809
470 357 789
-478 111 603
449 -87 249
-227 406 4
410 -127 21
-316 -387 780
-45 -342 216
-28 -252 9
73 -181 216
-378 -267 334
459 -418 657
0 288 95
420 -143 533
-30 -147 738
157 55 329
-274 -294 58
-448 17 745
-260 -432 476
-53 -435 905
-300 -143 512
-60 -337 23
23 486 241
277 321 393
206 -14 585
-252 377 329
-54 -126 436
-55 -321 16
352 -417 439
459 120 470
33 -214 993
307 -411 584
-435 122 243
389 144 245
-32 157 410
-242 -130 280
423 -86 610
-228 483 673
-99 384 105
-260 283 666
110 -34 455
-172 -438 957
-396 -86 583
283 92 663
286 -336 226
-400 77 938
24 353 613
472 338 463
11 -500 881
-130 -403 703
128 140 504
-39 -88 237
480 -48 965
329 111 169
271 -301 473
-426 -286 787
-288 -18 752
174 379 547
424 332 476
-320 -410 18
123 17 860
290 -331 119
266 -216 585
-227 42 709
-260 349 758
193 -253 998
-249 493 665
66 101 119
-334 -261 820
-478 487 302
-222 469 746
-278 -46 538
-59 315 957
-390 -49 882
-167 415 838
39 -126 706
-109 -214 543
182 370 430
-327 -179 952
143 -400 585
11 -34 542
166 460 914
-111 -50 968
-7 2 653
160 496 835
495 -306 591
-48 126 456
-256 29 103
458 290 337
55 -353 376
-390 323 632
312 481 685
73 441 31
350 479 812
432 480 726
399 431 707
-46 29 138
411 -307 506
-456 376 105
205 80 621
438 111 819
453 -450 187
-179 395 86
183 -57 737
401 27 856
428 232 894
174 -475 883
489 -80 619
-105 222 614
-121 -129 408
364 489 245
-254 -382 945
93 -423 751
40 -457 308
351 359 973
77 -309 768
-298 -497 576
-123 -405 546
-198 -330 55
-459 426 974
-20 268 533
-376 -12 274
-128 478 669
-119 346 154
154 200 176
385 -179 539
366 261 696
-383 -428 705
326 -86 327
251 166 399
-133 429 200
335 205 395
-204 368 333
189 -393 98
-308 -325 470
-422 -238 462
-72 125 195
42 -297 539
499 60 471
183 152 450
-269 484 247
3 220 994
10 -36 99
-198 -288 388
-175 438 685
307 -331 915
388 -281 894
-36 458 111
26 -65 189
52 -34 618
-51 -84 485
-180 305 168
87 -162 460
-136 27 104
122 -130 93
451 -201 616
46 436 759
-261 -65 317
291 261 664
-37 57 200
-55 -148 964
136 399 647
479 109 928
105 -427 961
451 -212 402
185 330 130
-480 37 521
-301 2 514
164 124 636
-341 -149 536
296 -261 89
-301 -47 694
-50 -275 330
-303 -206 867
-85 142 242
-67 -486 525
48 -165 680
-232 86 945
-49 -179 539
197 481 497
-134 -377 217
-109 -1 344
-480 -33 83
381 -319 284
322 174 398
-24 275 906
-112 98 143
342 153 176
-58 -226 323
355 102 491
-410 368 917
-314 326 288
98 411 315
474 279 928
221 -65 1
185 440 822
163 -475 612
265 360 331
360 -112 287
-486 -431 524
324 -139 845
167 -19 245
-171 -421 729
-132 -438 295
224 -33 830
169 472 195
79 -167 755
-292 -32 401
337 -382 768
-330 323 781
-233 218 757
346 -370 119
312 38 54
99 319 354
-268 -160 608
360 348 219
-267 -58 323
-160 132 592
169 -173 563
-333 183 618
225 -57 725
10 -431 587
-120 79 95
-96 -406 896
-119 -49 410
122 -418 796
246 -204 866
40 293 699
-115 138 857
-449 375 845
-338 389 168
-65 141 957
56 -335 876
208 284 130
137 195 888
-454 452 951
114 -356 724
-236 -130 474
-339 -173 837
32 329 827
4 426 140
478 331 910
413 61 363
-230 170 456
107 62 866
-253 -179 770
-199 -466 100
374 -360 772
337 -100 370
319 -186 250
-417 -143 298
-440 291 13
-137 77 365
311 -448 999
401 -286 959
-158 87 481
358 88 138
-384 -331 442
16 -125 475
390 478 759
384 -174 811
-472 -278 304
-127 379 685
442 247 109
-23 120 482
99 72 599
109 36 261
148 -209 36
-237 -406 68
122 108 152
-481 132 576
-249 -138 977
98 386 686
103 414 230
473 -129 445
-451 365 901
-420 -18 598
-260 -327 734
-433 498 255
-395 -26 504
189 -238 909
-43 -38 608
-480 283 867
-354 339 810
-287 -278 187
-301 -460 69
-143 200 924
205 179 170
330 -233 619
11 -214 234
-229 -275 516
-252 -199 155
316 199 760
-17 86 364
-472 -85 941
228 423 643
278 138 806
-85 241 468
177 -155 352
-420 370 910
203 67 998
-286 275 5
-29 -331 413
122 447 859
170 420 452
-326 -3 44
379 231 523
91 334 830
-286 -274 810
278 476 416
102 164 426
182 309 110
9 -433 930
-181 -201 266
453 -430 686
-122 -112 744
214 292 215
446 -244 703
-120 -246 454
31 487 620
-436 -118 596
276 0 180
-167 -270 646
-352 -465 718
457 -496 233
-398 53 705
164 268 465
-413 284 752
-184 352 226
406 112 890
317 39 97
-231 -17 614
-413 181 889
381 -38 65
194 -123 907
-494 -260 546
276 471 183
303 86 64
-430 -210 926
-172 -105 298
77 -371 302
-72 -131 7
-363 -125 244
-127 -81 351
94 -157 122
345 -330 233
-139 13 748
-306 122 695
-306 381 16
191 160 828
29 271 438
-462 -62 86
-363 -342 815
362 332 160
-167 337 560
348 -192 33
-64 397 605
65 14 31
245 -73 599
-8 -8 763
485 184 508
-460 -412 263
49 -438 937
203 -492 171
-350 234 967
-206 498 389
-404 -355 738
206 -291 478
-327 -493 319
13 -116 874
-433 331 181
144 326 113
358 133 258
-141 228 490
-435 496 301
87 -150 355
170 -90 101
30 37 459
74 -27 476
328 225 65
370 220 704
-129 217 859
257 -136 115
-419 6 425
-213 -192 874
-330 320 462
410 363 922
-34 -252 595
-464 174 30
493 -439 71
-142 -172 345
324 -447 837
383 -149 886
-266 -75 20
-492 189 583
323 -406 287
-448 393 534
-78 481 823
-488 309 939
397 97 926
-113 -248 691
-187 -364 466
203 -65 89
55 68 765
131 389 333
-466 129 339
-258 338 238
-362 -1 545
472 344 178
-485 487 233
194 409 566
499 236 932
273 449 933
21 126 542
-484 324 309
423 -223 789
-168 -166 606
-416 459 318
53 455 365
-424 106 885
90 -229 738
-2 327 343
325 122 287
333 448 197
-354 -174 213
388 268 842
-465 297 716
-337 -487 951
-498 234 367
101 481 936
-328 -348 429
-103 -271 227
-279 -10 829
462 480 9
-148 -486 416
-7 -279 724
327 422 32
-214 189 585
416 -374 118
-248 38 177
269 -487 595
-345 -279 20
175 346 219
254 429 824
91 -189 976
10 -177 108
382 -36 269
202 -188 233
484 266 235
-65 61 528
-438 -210 559
273 100 599
-147 68 738
-173 375 624
356 -55 663
181 -459 900
376 -165 348
349 -352 743
123 93 519
248 1 765
131 -27 394
266 34 625
34 443 248
465 -259 316
-364 -275 187
-367 -329 773
202 115 437
254 -419 910
-9 -106 403
-489 -9 748
299 103 53
-477 183 413
499 -191 982
59 -203 458
-25 -56 66
363 234 22
-368 -468 344
-427 -251 813
127 -224 58
-3 -481 341
-203 -114 216
3 -441 373
-256 216 147
249 -360 880
433 -487 886
61 -191 179
-104 115 531
-334 -297 370
415 168 770
-318 -87 685
-499 154 144
126 -46 617
423 -230 782
-350 -286 272
-49 -335 253
197 -419 962
-326 -211 918
213 353 207
487 315 157
87 -361 692
-475 110 574
-28 -376 908
495 194 580
457 265 403
-95 112 204
15 425 757
-366 -342 547
153 12 718
57 -365 863
-25 78 705
-50 199 164
224 386 298
-275 272 631
285 272 467
489 108 734
-120 495 857
-210 -197 278
379 470 134
281 -107 371
-234 120 326
107 368 654
-334 -432 962
-248 -417 15
138 195 74
-286 121 781
-148 -165 591
-297 -17 491
133 -295 533
306 -498 566
307 487 399
249 -175 90
298 49 189
216 -450 681
-271 -321 401
339 -461 586
465 -178 971
199 398 284
258 368 372
-30 -455 839
208 -181 855
-123 -376 203
-385 -43 88
-252 -110 123
11 141 888
-205 255 22
261 105 371
-237 442 970
-131 200 105
-459 432 393
-10 165 35
7 66 477
-440 54 857
-470 3 873
30 468 584
-37 -147 525
378 245 153
461 -302 181
-464 141 476
-198 -419 826
185 -352 460
276 -24 674
234 456 846
346 -114 715
-279 -343 434
240 103 707
-289 -52 819
-440 -7 79
-134 -460 702
62 -172 640
277 -425 94