457
1514
1514
3612
5126
5126
7402
12528
17654
17654
13810
26338
43992
61646
61646
24114
50452
94444
156090
217736
217736
40034
90486
184930
341020
558756
776492
776492
63836
154322
339252
680272
1239028
2015520
2792012
2792012
98451
252773
592025
1272297
2511325
4526845
7318857
10110869
10110869
147610
400383
992408
2264705
4776030
9302875
16621732
26732601
36843470
36843470
215996
616379
1608787
3873492
8649522
17952397
34574129
61306730
98150200
134993670
134993670
309414
925793
2534580
6408072
15057594
33009991
67584120
128890850
227041050
362034720
497028390
497028390
434980
1360773
3895353
10303425
25361019
58371010
125955130
254845980
481887030
843921750
1340950140
1837978530
1837978530
