-150 -250 350 -65 15 444
1000
-414 -350
292 -458
-85 168
49 -390
427 449
174 244
-309 191
-429 25
-453 112
468 98
25 -491
-137 -480
224 -420
5 177
-257 -103
-323 28
212 8
78 -327
184 -83
-109 -20
-443 8
228 411
-51 371
-374 -122
269 -466
306 -297
282 -322
-241 -46
187 89
-383 -482
399 -323
-142 164
-232 -207
395 -95
-96 -100
-486 119
58 -443
447 208
5 -134
-321 421
68 -195
-407 -244
122 -452
-185 -280
-68 304
-345 270
-401 -376
-110 -307
-219 -81
397 -331
-103 299
326 -92
483 -208
401 52
-432 -180
-420 -71
-215 -172
271 -223
-360 -281
352 -251
-450 297
166 480
-56 451
293 -219
403 -487
354 342
301 436
-369 -286
78 -375
80 230
-32 49
-17 463
-45 -277
-291 231
244 391
-269 151
214 -412
-216 -324
185 237
-445 -147
-214 -313
195 403
-436 -378
308 466
326 184
294 -329
76 130
-255 -422
-494 -174
91 150
422 364
46 135
-130 377
-205 491
314 125
-333 -108
-293 0
-104 -491
-324 -160
-329 115
-440 45
-495 246
-228 -227
226 -80
-401 -80
489 277
439 -265
361 -372
85 384
304 197
172 93
126 139
-363 -306
-376 188
-57 140
302 102
-418 232
-471 164
-447 219
290 89
-216 7
-137 461
-130 -266
14 118
123 474
71 9
-162 -284
396 89
-23 -472
-403 -89
212 -135
-246 426
-113 -246
-464 345
-310 381
-464 -289
312 -466
-12 493
-397 -110
-461 119
-55 261
-25 248
-224 402
445 31
54 -57
453 254
-356 -273
83 344
131 -167
349 44
0 -71
-467 -497
356 -66
65 38
71 -436
282 -140
134 -190
250 409
458 391
-23 276
-108 -175
-351 -29
-290 38
-383 -96
131 142
-393 -307
377 -96
121 371
486 -147
110 168
249 250
17 -328
43 402
478 -139
-331 -477
-33 161
-325 47
297 -317
426 174
-117 -127
-66 -198
375 -331
263 179
-124 315
269 -148
-437 58
-39 -26
25 -399
110 299
-100 147
-264 -298
-175 46
284 -71
-371 193
352 111
-86 116
212 -85
-467 148
-358 457
110 55
-335 11
-320 365
40 126
-143 23
-223 -89
-428 452
-164 -336
-467 -454
-242 7
-308 -61
129 -111
246 -16
-130 35
-383 -447
-424 41
-129 -130
-205 323
-164 80
397 -300
35 499
-124 -68
-27 -400
384 281
-28 302
-167 266
-272 233
-60 380
151 86
435 -304
-254 -123
139 301
246 -472
242 298
-168 -397
488 215
45 221
-67 -260
169 54
412 -47
-170 281
406 440
23 332
282 -407
-363 -411
-333 348
-70 -176
18 204
220 126
-250 -406
-252 -488
82 95
-48 -436
-362 -378
342 455
-40 -319
-470 404
-396 411
290 364
425 -170
447 -82
-281 -42
295 -31
-322 318
-111 -288
-240 -151
-376 253
490 291
-52 233
374 -78
29 82
-83 -169
234 382
411 -423
57 96
-277 228
-401 -247
-330 -362
90 -240
358 -262
477 429
-129 457
-220 -318
104 -107
-431 187
222 128
190 -144
178 69
300 488
276 -212
-493 473
72 -476
75 -435
-400 -212
379 -410
146 234
15 374
379 -280
-273 296
92 284
-218 -357
-347 -57
-167 336
-281 -343
-335 482
110 -429
410 78
446 284
-404 -381
-91 -280
185 -277
-326 101
41 -262
-259 -72
-205 -1
-65 -16
61 377
-165 57
389 491
-403 461
160 147
-319 437
188 -400
-401 -322
386 -334
-2 -38
-186 -170
351 468
-479 434
108 48
430 334
424 273
380 -348
-368 373
108 465
107 407
-37 60
-474 -116
-382 206
-405 168
-60 19
194 490
-8 -8
432 -171
232 165
328 -200
-495 21
-336 -432
452 -476
301 -292
124 -263
161 25
145 -180
268 87
-172 -367
-192 356
420 -291
-14 32
264 392
-50 -255
382 428
-358 352
172 -114
-235 -117
-275 74
329 -372
230 -500
448 -94
353 -484
-237 -330
65 329
392 -95
-440 97
-443 -4
-402 -73
16 -392
218 439
-16 88
-226 -305
226 299
-82 -362
-403 -314
33 -183
199 -223
-100 -205
-437 241
-301 -155
114 -457
-471 30
483 6
-455 -171
-250 -53
-42 -27
-11 304
472 -448
-220 -39
185 111
-89 -422
263 -375
494 -336
138 330
-387 392
-248 -91
-17 366
-465 149
-428 -329
-453 41
-112 48
320 367
446 -416
83 42
245 379
-284 -122
-223 -247
-466 -429
-347 422
-78 280
-216 -373
297 -109
86 302
-15 118
25 -491
-142 -157
407 336
-7 140
309 -344
-227 -148
-20 -102
208 114
-141 -359
-416 -360
381 -493
310 366
413 435
-170 -204
-177 343
-207 -144
-263 26
-73 229
130 300
-295 -323
-239 -232
294 -225
-343 -305
-211 252
51 -180
-269 223
-147 207
-372 332
226 -482
-337 275
138 -151
-91 -156
-468 476
250 -244
193 27
-384 81
146 80
-408 -149
261 9
394 -484
107 152
-281 425
-370 -357
-59 409
185 -203
299 -82
56 476
182 281
163 261
-253 235
-491 436
157 481
201 -263
-342 -313
319 215
161 153
11 -353
110 150
-258 301
49 390
106 -128
-476 421
-392 248
-196 -72
77 -469
154 272
300 49
34 -436
-107 97
371 -164
-329 -13
-272 -100
137 296
350 -219
-392 198
488 -446
36 96
312 -111
-93 21
-369 -432
346 -344
-370 187
105 -87
381 -261
-418 202
-500 -279
-67 -172
240 -180
95 -158
241 -193
-351 486
66 -258
-281 499
-312 -166
143 -284
-442 242
42 -85
384 173
-231 -252
375 -258
93 -158
397 407
-430 -158
-423 465
348 175
237 123
-165 382
-210 -183
-245 331
-132 407
-481 -381
450 14
398 108
-184 -403
-82 -199
160 28
-359 259
301 134
-411 -499
-181 181
129 -66
-389 34
-251 -68
-59 364
-256 -177
115 169
312 -149
-325 -493
270 -285
374 -299
487 154
383 150
-94 371
-426 -451
-225 37
-379 -202
-475 207
290 483
215 -214
-465 63
-321 118
119 319
116 -171
337 66
280 200
-71 362
261 254
198 -157
-39 -148
-306 404
-9 -414
73 476
88 298
-212 -177
138 -346
324 -455
248 -118
382 -302
66 336
276 -406
-90 -61
-61 -362
31 382
187 -60
341 -179
-274 396
413 348
-3 96
299 -273
271 46
-35 -382
331 -462
-167 458
65 -447
74 -13
-396 252
-129 60
-254 225
-99 -120
-489 -239
-490 -154
390 325
225 355
258 98
-204 230
260 -217
-8 -412
14 -276
444 -362
-320 309
-332 0
400 223
267 -93
-489 459
287 -75
-238 417
93 -289
-242 166
-4 471
-80 177
-315 455
-141 -158
-245 -226
-133 -124
88 -34
-142 494
153 -346
-287 484
-101 -496
-414 83
-82 -171
35 -492
-360 184
22 304
-467 392
-450 -178
462 -430
-404 136
-361 -249
123 -275
-370 -102
353 43
-159 -171
-369 266
262 -373
-93 -287
297 201
-300 195
170 -55
-43 -6
-43 183
222 8
318 424
-185 -247
-428 -73
-250 325
-67 -358
267 68
194 468
210 -173
477 197
-7 -90
-456 -289
91 -338
320 -38
-468 -331
466 202
-258 40
141 -153
-485 -43
-208 310
-316 220
253 86
-175 -214
382 -115
10 212
430 188
-211 106
252 168
281 348
-268 -421
-237 -135
-194 179
-113 173
-21 121
49 114
317 204
-100 -253
6 102
139 357
188 -313
-442 -41
-133 186
-176 372
-372 445
-154 -282
-99 -108
-446 -171
497 136
241 -8
-423 -28
-111 3
242 281
344 34
-391 242
441 -187
-291 -382
-112 396
460 61
-257 189
424 477
-134 259
-445 214
-303 -87
-327 235
283 104
70 346
-141 -426
-25 -187
-306 160
-435 -421
-454 -407
47 -49
302 -358
-121 367
317 212
169 335
-148 484
351 71
-433 111
480 -301
71 -393
58 169
-97 116
469 -400
135 -162
146 95
392 -223
-380 -140
304 74
-346 -362
433 434
470 -379
-338 -303
-432 -328
197 356
373 -185
-141 386
70 51
-148 396
219 346
-182 195
481 224
-431 -146
460 50
-96 324
-455 -444
98 -442
247 -162
46 457
254 210
435 -309
353 473
408 355
-440 -417
-341 286
34 52
169 -312
-71 -84
22 184
-162 -407
-387 -417
-66 -144
441 161
-35 250
-203 348
-454 91
-215 -438
267 -72
-18 218
147 -428
93 -468
264 -452
114 -436
242 269
-489 -162
338 -142
-90 299
207 418
174 -309
-138 257
211 212
-421 405
-129 -407
-29 -268
45 166
-92 -260
111 -181
111 268
14 -440
-363 129
-245 456
-376 115
316 177
-397 338
433 -461
29 90
-217 214
-351 -9
-100 281
169 37
100 184
85 94
492 246
-217 242
269 436
489 330
-244 392
137 166
-217 481
-405 232
170 -31
95 -184
282 245
445 -400
-262 -470
-194 59
-379 48
77 -214
131 243
-434 -200
-217 -25
-130 79
168 100
164 409
71 -38
-186 324
224 -113
238 -208
213 215
-114 274
-169 -117
441 150
350 253
-19 -48
43 -46
-242 404
-108 -479
477 -360
-464 -20
-231 78
-397 -67
-180 -338
-444 139
-55 283
-186 364
52 -340
-484 292
411 -42
-304 -377
355 -56
-99 -372
39 -184
-261 140
-227 188
-12 -231
-208 -460
-155 425
-131 -330
246 -323
480 -151
-170 -115
183 462
249 351
363 -269
411 471
386 331
193 -311
95 395
438 221
78 349
-461 -317
-310 154
-469 -201
378 -244
494 -370
492 -118
-260 66
-248 -472
-163 57
25 -450
-322 -99
487 127
-473 -32
160 101
67 -121
176 498
23 -263
-73 -46
62 -329
458 80
84 229
332 143
-238 378
86 226
209 -179
365 -443
419 -192
-300 -435
166 -366
-223 189
-22 16
-220 -308
230 195
45 35
-354 144
381 -53
455 -349
-31 -82
-154 157
-486 68
-354 153
-32 -198
-408 -191
-472 326
-272 334
339 285
261 96
-471 201
233 -342
366 21
458 418
116 179
-367 -288
-319 169
217 229
-13 318
-150 -259
193 323
-410 80
403 -160
179 -179
477 -388
-261 304
224 282
-472 134
57 208
-356 -354
-210 -487
64 99
-10 -154
-165 -97
-79 224
-427 218
480 66
-155 -412
-314 452
-160 487
-97 -310
-29 -384
127 103
427 39
295 420
154 -460
-237 438
245 445
-432 -193
92 -178
-340 179
-7 -216
-490 -195
-475 253
-336 259
455 -333
409 -360
22 -433
-336 352
433 195
102 -151
-395 -165
252 -111
327 253
-211 202
-277 112
477 325
101 -418
114 382
-3 -140
-447 268
-416 265
-436 -52
460 -355
187 398
332 -467
281 -16
-347 -476
-296 481
-184 -100
415 -447
130 461