500
39
58 4 58 87 75 83 27 83 28 84 92 5 53 23 46 20 14 15 40 33 46 36 76 73 60 50 28 9 63 79 63 72 82 73 58 8 55 84 91 34
23
82 90 23 4 36 42 69 2 82 1 99 17 28 24 28 77 3 36 91 81 99 62 63 71
36
70 77 55 60 62 25 93 51 48 96 38 89 64 39 22 16 38 90 44 13 17 72 15 53 15 95 3 28 57 73 99 79 1 5 38 62 29
26
64 76 78 2 17 94 92 90 9 81 80 4 93 96 28 7 100 94 54 2 21 10 26 19 40 26 23
15
39 4 12 3 31 89 56 47 82 47 89 43 80 68 98 72
36
77 31 15 70 84 68 43 45 94 13 85 71 36 14 10 39 25 64 21 65 71 20 99 69 8 93 48 75 42 72 41 19 54 55 40 37 23
15
33 68 47 69 38 34 82 99 24 58 14 44 75 84 63 73
7
70 65 52 96 6 23 37 76
4
91 68 64 65 1
42
84 47 17 22 80 99 20 3 8 34 99 82 69 61 6 21 83 70 73 78 28 47 14 55 75 57 22 38 73 75 86 57 73 3 78 5 53 49 59 12 34 57 46
24
18 51 75 100 73 99 29 100 98 43 54 72 51 28 61 23 2 99 31 74 53 60 78 57 61
47
68 94 45 13 48 62 16 75 13 88 73 42 87 70 36 92 93 38 19 54 12 72 52 43 46 4 2 75 12 14 63 79 8 8 44 7 69 59 81 34 98 6 27 84 75 14 27 20
17
98 73 14 69 76 56 14 31 10 41 42 23 3 72 82 10 15 89
8
25 21 64 22 26 42 57 53 7
15
72 57 81 96 70 1 23 78 67 53 87 7 46 61 9 17
33
19 84 83 49 8 3 64 82 81 57 38 85 63 73 56 71 5 3 92 6 25 69 72 29 7 78 26 20 38 42 14 8 77 96
40
37 50 71 18 82 27 55 66 41 28 21 11 84 75 3 89 99 23 12 79 30 41 4 1 79 98 14 86 74 9 94 10 10 16 27 92 95 34 57 35 13
14
98 96 56 100 85 7 74 48 85 3 89 41 55 19 38
32
56 11 76 49 73 38 17 99 81 11 32 89 97 44 70 94 92 26 45 28 32 19 75 68 73 63 8 28 33 45 47 89 8
21
89 80 12 5 78 92 67 62 80 16 57 50 61 48 27 58 75 58 28 50 25 100
33
33 79 97 29 26 37 36 100 25 15 63 82 45 54 48 6 85 15 14 86 76 62 12 85 88 21 12 89 98 63 53 30 94 1
40
71 37 46 70 13 12 84 94 56 89 94 61 73 60 75 11 35 88 22 71 75 95 82 16 92 45 20 73 90 20 82 60 8 27 81 72 39 64 66 46 52
27
7 76 70 33 86 57 72 60 27 98 54 61 13 45 57 32 17 46 3 98 5 62 77 85 34 67 48 51
46
51 61 70 26 82 54 64 38 25 23 17 23 28 77 35 72 33 19 40 30 21 89 34 83 65 18 68 83 17 18 47 67 30 16 44 11 22 7 1 46 29 69 20 8 97 7 79
28
25 70 10 45 59 43 79 75 12 46 58 28 15 56 46 44 23 89 7 44 96 59 42 76 27 61 84 75 67
44
55 43 84 64 40 42 58 18 16 69 16 25 48 30 32 93 26 55 81 32 50 28 42 91 4 20 4 87 94 70 100 100 13 83 63 52 76 72 21 44 92 36 68 39 18
23
83 43 6 15 26 55 95 19 46 98 38 49 36 83 70 87 82 34 22 96 37 97 67 10
30
10 97 60 100 14 11 82 8 16 48 85 70 42 3 67 91 92 67 26 74 89 13 7 74 34 2 63 82 20 72 22
37
68 81 28 34 91 61 41 58 61 26 79 2 80 98 93 72 16 70 97 4 82 4 30 67 57 92 1 77 63 22 57 82 54 37 15 96 97 8
39
57 85 31 11 64 28 3 87 44 24 36 99 58 91 28 24 47 71 24 75 33 97 32 67 50 68 81 97 16 88 49 73 72 80 83 88 59 37 74 54
41
61 53 17 51 32 93 98 3 68 72 87 17 55 53 18 22 86 15 38 73 63 62 45 94 96 84 53 32 57 6 43 18 10 12 20 94 56 17 96 75 41 34
7
95 39 9 69 24 23 6 96
28
19 92 31 14 75 35 97 84 92 39 53 54 2 72 47 57 41 94 32 81 27 22 27 65 82 95 88 56 52
35
45 22 27 27 35 54 61 31 37 4 70 41 57 71 12 55 80 4 48 11 36 27 84 63 43 18 9 83 73 13 18 69 34 44 95 69
19
7 99 85 11 20 77 19 43 89 26 22 44 73 84 80 51 19 42 94 36
13
76 61 14 93 29 48 88 76 68 37 82 18 73 44
49
2 63 84 42 88 57 85 12 40 64 63 58 57 8 46 59 83 6 24 27 86 23 66 61 90 54 95 60 79 38 49 80 52 32 21 91 88 5 3 79 69 17 88 77 24 33 35 58 90 11
12
28 33 49 88 75 3 34 34 81 72 34 12 23
37
32 14 56 36 68 34 56 84 73 33 7 58 19 16 47 29 99 74 62 99 14 36 53 47 21 85 70 6 96 93 22 27 58 77 15 25 62 70
19
86 54 66 43 73 81 42 53 31 15 14 29 80 1 34 79 73 18 48 78
10
92 51 40 49 79 54 73 40 76 80 78
15
97 20 53 29 61 6 59 28 71 40 59 24 73 37 96 42
6
26 55 28 76 47 77 55
18
49 46 79 81 23 8 77 95 60 6 55 17 16 34 88 55 93 11 79
11
58 21 17 83 27 45 59 73 73 13 77 21
40
55 53 33 14 30 27 74 87 33 42 2 19 29 9 11 91 39 43 49 59 60 31 38 56 41 62 28 53 38 48 63 93 1 47 6 82 73 31 20 57 73
20
75 53 33 37 44 72 80 44 82 39 74 19 46 15 81 73 19 70 72 33 14
36
79 72 5 3 2 76 60 26 49 86 31 81 23 26 4 2 69 38 92 42 56 37 8 88 61 27 10 32 59 23 56 90 94 12 92 48 88
11
73 88 37 55 20 11 80 24 64 48 61 55
18
68 43 49 8 3 27 17 86 38 39 41 27 33 53 18 32 92 21 4
15
9 11 98 19 90 73 82 38 85 88 31 53 82 31 12 36
29
28 21 47 18 14 25 50 18 94 81 9 14 37 39 74 99 88 92 88 61 25 77 97 12 7 1 45 38 12 80
45
39 53 93 57 66 17 58 83 62 91 43 76 79 81 49 77 68 93 16 80 69 93 29 33 99 29 77 88 41 9 34 31 61 78 87 26 46 97 60 8 39 2 35 17 34 35
33
53 27 60 85 48 52 13 80 3 41 56 42 33 64 28 64 24 5 2 1 3 98 12 10 88 65 44 4 98 30 100 3 9 12
12
56 63 99 35 17 91 90 11 24 6 38 87 81
15
88 34 96 38 45 57 25 10 52 81 7 82 80 9 90 91
36
45 6 45 79 74 88 20 84 11 77 73 49 58 67 36 91 62 25 35 71 50 96 22 82 3 3 61 63 92 4 62 88 61 6 18 86 45
21
22 55 66 94 3 75 60 91 65 74 15 52 44 16 47 17 97 1 20 10 16 63
20
77 51 77 34 68 62 79 57 83 85 75 77 40 49 88 30 66 13 96 17 8
27
15 25 12 68 96 21 35 58 37 11 8 13 96 28 75 26 36 9 11 10 37 50 11 77 31 76 89 78
45
49 93 58 25 5 77 20 77 11 77 14 73 37 26 69 16 52 94 51 61 56 13 97 5 23 73 87 98 14 17 41 14 9 50 38 13 79 57 90 89 85 3 62 73 80 82
32
84 27 39 44 83 51 92 39 25 17 26 74 82 94 66 95 2 15 84 67 45 92 56 34 76 10 47 1 41 28 88 24 54
9
19 88 28 63 27 52 31 52 25 64
37
90 10 98 57 93 64 1 84 71 86 11 80 32 11 73 11 99 96 17 76 67 4 4 29 30 7 11 33 84 74 29 25 83 79 33 75 42 34
3
65 71 72 44
10
83 68 65 33 64 33 60 30 89 15 10
36
22 20 55 57 45 35 81 27 13 14 1 7 99 62 71 69 33 66 75 67 34 92 51 49 24 11 30 12 25 39 34 46 10 88 54 54 22
10
80 35 100 32 93 50 45 63 70 77 80
42
96 13 36 46 61 59 56 42 23 81 80 56 78 41 95 32 46 16 18 77 2 69 60 94 18 4 8 87 33 88 31 28 52 66 25 65 77 81 6 51 13 38 58
28
78 52 73 24 67 42 100 69 10 60 14 27 15 22 66 47 61 96 26 12 14 51 28 42 83 34 92 95 71
30
36 100 100 61 23 18 2 75 86 12 34 52 90 100 73 55 47 33 3 72 96 68 74 24 9 56 57 100 50 79 100
41
78 51 98 53 68 99 27 6 62 12 57 4 11 81 10 9 65 12 81 60 31 6 35 39 62 43 90 11 21 89 48 51 91 97 3 59 96 81 16 9 44 72
40
6 4 22 15 68 85 47 27 16 52 62 6 65 4 96 28 77 36 27 27 27 24 81 37 19 13 52 27 8 75 91 13 78 64 79 45 48 77 23 15 29
17
21 93 92 68 20 68 3 47 46 81 70 78 17 40 42 20 18 49
10
60 13 71 23 92 67 71 68 90 37 48
24
57 93 16 76 12 35 79 10 80 11 31 9 80 22 50 99 92 98 93 51 63 63 74 54 82
46
21 71 32 21 47 41 13 63 16 24 97 46 86 29 57 68 89 36 90 39 34 33 88 78 83 50 41 56 55 22 3 28 44 35 48 90 75 60 4 42 35 53 88 20 81 96 40
31
31 81 59 16 13 99 94 95 100 86 3 55 59 5 82 2 91 29 43 17 88 47 59 22 99 46 94 31 41 33 51 23
42
62 38 25 12 83 71 11 68 73 65 26 30 98 79 72 26 22 89 65 20 47 39 18 44 32 100 36 64 2 58 28 63 47 4 74 30 74 85 49 99 1 75 80
36
5 51 76 78 39 41 97 37 31 66 32 62 65 67 77 67 76 4 81 23 59 55 4 32 91 52 82 43 78 61 93 83 12 69 60 2 61
39
91 91 74 22 4 39 41 80 57 16 35 37 90 93 43 45 76 85 49 58 28 26 70 20 60 81 40 72 35 52 32 25 94 5 98 97 95 38 28 51
9
14 40 95 58 34 92 86 19 40 43
10
17 12 17 29 45 9 52 79 12 83 55
41
87 52 54 82 90 34 84 95 99 75 41 57 9 84 42 27 23 36 24 92 99 92 20 43 100 71 73 12 53 27 69 91 31 74 24 20 7 8 66 6 82 58
38
42 42 55 68 16 42 43 59 40 35 30 35 34 100 59 97 4 38 65 95 68 39 18 39 97 77 56 54 11 65 67 52 58 73 72 26 14 14 84
45
48 14 92 34 65 50 30 69 39 47 15 6 85 84 96 33 61 51 87 23 16 5 26 25 78 97 50 43 11 34 48 10 47 39 43 11 41 25 31 79 71 97 37 7 81 32
9
93 35 77 15 2 82 40 26 11 89
25
53 51 61 53 60 59 91 55 69 83 31 52 14 53 48 50 59 80 33 1 72 19 78 38 72 11
14
98 73 18 25 25 68 37 77 79 95 20 85 15 2 67
49
15 19 66 16 29 45 49 30 69 19 59 6 91 21 35 40 93 4 16 17 23 52 46 54 46 65 90 60 18 57 78 85 75 95 100 56 39 100 85 59 19 43 65 9 63 51 48 7 7 63
8
29 14 20 34 11 84 24 22 54
29
51 38 58 45 37 13 36 37 97 94 55 91 10 15 5 13 62 11 19 76 86 99 41 5 85 3 41 8 24 94
4
75 31 96 71 19
9
58 55 57 52 61 100 13 75 56 25
34
19 95 15 4 46 55 60 30 57 100 89 33 45 27 59 27 74 29 46 34 87 52 43 90 13 94 54 39 49 31 79 67 25 93 22
11
100 82 51 8 33 39 40 78 17 50 4 43
26
49 76 17 1 70 58 65 63 63 55 64 93 33 82 70 78 4 91 77 37 42 36 69 32 28 98 49
18
2 43 7 2 18 75 54 40 84 70 54 47 25 17 39 57 99 8 86
6
99 62 90 92 50 58 75
50
56 75 5 9 17 64 10 87 38 16 26 74 85 79 20 9 96 10 18 46 18 3 99 68 17 88 11 66 97 37 94 52 12 50 12 28 13 74 14 3 89 91 76 73 70 47 34 17 56 51 62
50
25 5 12 44 21 99 54 38 47 91 83 99 54 33 62 81 45 35 47 47 23 37 74 48 6 20 33 22 76 35 35 100 39 46 44 12 96 49 49 43 91 84 93 44 16 54 77 12 41 23 11
50
15 59 84 14 17 4 46 90 79 80 77 30 19 74 25 82 70 26 30 64 68 65 8 12 80 61 40 92 53 14 2 68 72 37 81 40 40 27 82 70 58 58 52 76 31 76 57 52 53 39 15
50
21 3 22 84 35 35 23 78 39 36 31 6 59 67 39 51 7 17 32 28 74 89 79 2 71 7 10 23 59 100 89 31 55 63 14 89 97 88 18 87 75 48 93 34 14 31 36 72 99 67 100
50
72 7 30 73 77 36 83 51 47 34 40 77 88 2 43 76 50 30 45 36 57 92 80 90 58 62 25 29 60 43 80 32 49 10 56 77 97 90 28 95 24 19 24 11 72 18 39 21 99 83 8
50
55 75 88 44 32 1 20 12 61 14 44 44 14 5 99 91 1 89 70 48 12 88 23 22 59 40 12 31 38 95 38 93 69 77 88 52 30 60 15 90 73 58 33 87 62 83 29 15 71 98 62
50
34 37 84 8 95 75 19 77 12 13 66 4 33 95 44 36 24 3 51 13 75 60 97 13 22 79 41 88 2 90 1 35 26 36 42 20 10 61 48 21 25 14 77 58 8 20 45 31 74 95 95
50
48 7 91 13 28 21 5 15 22 95 67 57 20 2 50 92 11 62 39 31 87 52 59 96 11 78 40 41 51 87 35 51 93 77 15 72 98 19 38 19 65 4 27 85 5 77 28 15 90 66 97
50
76 70 56 23 80 85 63 73 88 49 59 90 93 36 4 64 33 74 1 3 39 4 30 75 8 58 2 74 47 19 70 75 88 25 97 20 10 59 44 49 59 2 38 51 89 93 66 73 66 66 76
50
56 69 57 82 28 66 83 1 64 54 71 38 41 47 35 12 8 45 7 56 56 61 45 58 49 37 24 74 55 89 1 62 10 57 44 89 74 78 90 37 31 12 75 24 10 61 35 18 57 94 25
50
12 54 70 22 2 58 45 75 12 85 75 26 46 83 69 35 56 46 76 45 77 87 19 100 96 31 86 65 87 79 90 51 32 59 72 86 16 16 12 80 52 87 5 98 21 25 32 29 22 7 73
50
98 45 43 49 92 73 87 57 59 17 46 9 49 56 32 86 23 99 97 54 51 35 10 48 56 34 31 36 56 89 8 5 33 50 6 24 22 44 32 32 60 77 93 60 84 24 45 59 75 94 12
50
25 28 22 24 35 7 54 70 14 42 77 71 26 26 76 1 99 71 33 31 30 61 75 90 45 98 86 55 72 79 66 48 7 39 71 93 46 76 63 11 69 91 81 46 69 8 47 67 78 79 49
50
8 91 23 49 87 73 86 41 44 65 7 44 23 97 66 15 42 42 29 53 62 20 85 8 88 93 6 6 70 84 55 29 26 77 29 13 49 15 53 45 31 11 40 53 8 5 19 1 98 48 5
50
60 19 90 19 6 82 24 11 3 59 17 84 84 46 12 96 46 78 1 90 8 11 81 12 18 86 31 19 83 30 23 94 100 64 12 5 45 87 67 100 97 36 35 33 81 98 28 26 76 80 68
50
35 91 48 47 60 33 29 30 68 10 53 61 9 68 25 65 65 63 83 64 60 18 50 92 98 47 71 24 74 51 91 9 93 90 55 52 75 35 82 42 44 86 2 52 53 78 16 17 41 50 32
50
100 68 81 43 65 80 13 88 53 15 30 61 7 72 67 59 46 1 92 87 44 29 40 47 33 18 14 2 10 64 85 61 31 66 3 47 97 67 87 49 82 16 62 88 87 28 98 84 81 41 70
50
76 69 10 75 54 79 88 55 40 3 39 100 85 56 2 32 52 68 18 53 1 85 14 89 72 93 38 7 25 79 77 1 99 38 27 52 68 14 6 7 69 97 6 53 52 59 84 56 78 1 8
50
79 86 73 19 9 17 56 15 42 86 43 94 37 80 20 88 99 85 46 5 53 42 62 58 45 72 41 100 50 42 7 80 79 31 98 87 48 5 53 41 43 96 86 79 27 5 18 26 41 63 82
50
46 56 96 3 1 19 43 52 68 36 11 99 14 41 48 52 40 5 5 80 47 52 65 77 78 21 94 55 14 9 89 59 64 84 13 16 2 7 68 22 95 78 72 60 70 20 12 10 24 68 41
50
22 19 6 98 48 78 43 3 43 51 43 1 67 78 65 34 31 72 53 52 66 82 76 25 52 95 88 61 70 7 1 43 77 58 92 25 88 34 79 30 37 21 83 55 98 47 40 28 70 93 32
50
87 74 59 64 77 5 3 37 74 10 90 68 86 99 59 62 38 44 40 68 32 12 2 86 61 48 78 41 70 70 24 56 43 82 71 20 86 74 8 11 83 49 78 20 100 88 82 37 83 21 56
50
15 85 57 52 45 57 29 85 26 98 8 33 93 89 4 64 74 77 23 36 11 24 13 30 23 52 11 11 35 84 67 1 68 75 4 64 31 33 49 8 82 8 41 26 97 96 41 22 24 16 10
50
86 39 74 15 13 26 78 75 12 13 93 12 32 68 15 95 50 99 95 58 33 3 50 58 51 97 51 24 20 66 33 5 56 7 71 68 84 100 94 95 12 87 58 95 6 24 90 55 75 84 64
50
7 38 65 16 88 61 66 12 32 83 44 88 38 2 59 57 85 10 51 79 74 89 88 68 94 12 57 100 38 93 64 44 30 28 59 18 41 77 81 72 59 76 60 97 78 70 5 14 79 55 45
50
52 43 32 20 88 95 28 88 32 72 3 27 2 30 86 71 22 62 3 94 72 78 5 20 7 74 25 21 52 79 17 56 74 100 75 61 95 54 100 78 26 2 5 27 84 42 49 5 55 51 50
50
26 80 54 46 87 27 70 59 31 100 27 86 25 26 12 86 20 65 37 50 90 39 54 68 22 47 68 78 1 70 28 26 50 81 23 88 60 44 98 90 44 24 75 68 49 38 5 21 2 42 22
50
44 32 27 63 5 73 83 82 73 52 9 50 53 42 73 40 1 68 89 42 11 12 68 79 13 5 35 85 58 28 6 1 59 32 16 63 4 98 45 28 1 5 29 54 98 53 93 50 21 82 91
50
31 45 10 61 9 14 48 93 72 75 98 24 34 81 91 96 36 40 92 15 41 49 44 94 98 96 38 48 68 71 90 99 16 100 11 24 65 58 69 88 33 18 12 18 99 54 65 86 94 9 1
50
34 9 96 27 6 91 16 5 11 87 47 9 2 46 71 77 62 29 45 50 13 15 13 82 65 66 46 50 59 54 2 92 62 97 70 20 40 86 24 50 72 70 10 25 67 80 53 29 60 50 30
50
24 64 94 5 28 59 51 29 70 56 31 13 18 27 83 37 66 20 12 67 43 82 76 19 100 56 23 80 67 72 9 91 87 2 95 66 13 45 95 82 1 25 94 70 3 28 58 21 99 69 87
50
93 2 63 11 2 70 86 81 36 57 42 26 96 43 21 61 7 17 7 88 69 83 34 38 86 13 47 58 64 16 44 56 69 58 19 70 27 4 3 63 12 44 88 7 86 60 20 45 77 78 32
50
97 61 17 35 98 30 33 55 93 100 98 100 69 56 18 90 34 73 92 96 85 35 36 43 73 47 62 17 75 40 100 72 100 17 58 49 98 90 3 42 90 52 93 58 59 11 99 93 83 91 40
50
19 77 27 62 49 74 23 17 48 14 17 19 65 85 76 13 34 18 67 75 7 19 67 16 29 29 14 73 64 56 13 82 33 39 43 33 64 18 50 64 31 18 82 48 2 10 60 35 79 79 61
50
85 97 79 52 77 8 17 50 23 73 62 4 5 52 99 37 68 16 38 31 98 55 64 97 8 25 57 94 3 87 54 39 35 33 90 11 92 7 60 14 31 73 69 87 77 67 75 44 34 13 26
50
84 67 89 80 27 14 88 20 16 74 74 55 8 58 96 19 1 54 30 14 84 3 82 22 79 1 97 74 34 9 51 17 27 39 49 53 4 36 73 72 10 98 78 17 55 73 87 55 79 17 20
50
62 71 53 84 1 53 32 74 39 40 24 7 18 14 55 71 70 91 95 41 52 92 18 20 46 42 7 52 20 75 23 34 45 75 69 45 28 100 70 18 91 45 24 8 10 79 30 79 21 24 19
50
24 67 88 43 64 82 1 15 53 27 37 86 71 64 6 67 43 57 36 60 47 32 83 7 42 13 88 20 85 64 91 8 30 30 51 94 11 3 60 16 30 97 1 52 12 59 19 54 15 54 13
50
14 38 47 72 79 60 59 98 44 22 40 4 52 22 54 45 32 8 4 99 37 52 100 89 63 10 7 68 24 12 80 89 49 27 60 79 38 19 29 33 40 68 36 43 89 41 39 73 49 95 71
50
37 98 22 25 13 83 83 80 7 47 12 95 47 38 55 26 27 25 54 59 16 73 47 59 14 87 49 38 87 43 60 24 93 34 48 5 16 83 84 74 29 95 21 27 84 27 52 62 51 57 21
50
66 30 19 76 95 5 77 84 44 19 43 67 11 76 66 67 44 48 51 17 28 97 89 55 33 15 58 94 65 15 66 83 96 84 10 42 41 86 25 84 57 67 50 67 95 67 86 38 15 36 6
50
94 84 95 100 16 61 58 10 78 24 75 60 19 59 21 60 51 7 84 34 63 2 35 81 96 1 66 85 67 53 43 61 37 89 12 52 49 69 13 78 44 40 37 62 98 58 73 48 16 8 33
50
78 10 67 58 57 67 76 94 86 28 88 98 64 76 9 68 76 30 32 54 73 71 42 87 20 51 59 19 66 67 51 43 28 69 53 36 88 28 29 73 7 16 70 23 43 78 42 19 7 73 24
50
80 96 65 66 15 68 76 34 33 94 36 28 21 5 32 57 92 11 37 64 17 53 85 39 95 62 80 65 21 5 88 52 100 5 69 66 72 44 51 56 38 87 83 10 43 14 18 86 24 55 1
50
93 59 85 31 53 98 63 18 18 19 57 69 18 13 37 83 84 33 34 40 22 72 74 31 66 40 1 51 15 55 51 7 13 87 90 17 84 52 86 54 22 43 22 39 55 11 73 91 43 58 82
50
64 81 55 46 46 46 46 96 61 52 98 67 16 36 56 33 20 59 18 73 32 12 46 70 19 56 95 9 50 52 90 65 33 96 63 30 42 60 26 2 12 75 20 27 11 28 11 82 38 81 6
50
70 92 51 91 10 59 85 70 60 89 11 25 73 7 87 2 100 46 79 1 9 54 72 88 16 99 50 97 89 30 2 58 74 4 48 35 62 85 5 22 25 15 98 97 73 84 50 72 81 29 24
50
42 34 96 29 49 46 78 45 34 60 98 43 33 1 43 67 15 27 71 88 51 38 85 99 62 20 48 34 52 28 9 93 61 4 73 9 2 3 5 87 62 2 30 94 55 72 12 21 50 35 8
50
52 72 92 50 33 63 49 18 14 77 27 59 37 82 31 46 83 33 2 22 94 4 51 39 10 74 51 30 23 37 89 74 8 32 75 92 94 23 62 59 99 88 17 36 21 100 33 56 84 34 77
50
30 89 79 68 50 52 70 31 74 6 19 99 65 50 73 9 95 47 70 6 46 9 22 33 29 73 65 84 57 50 60 86 91 38 5 40 41 75 71 66 32 89 64 97 91 88 5 37 35 26 42
50
32 34 64 64 62 88 80 46 44 29 57 81 19 47 86 11 87 12 81 53 43 21 68 91 63 8 47 100 42 72 41 73 5 56 88 19 44 67 16 39 47 72 20 66 70 57 28 57 68 8 61
50
10 80 80 1 95 87 47 94 80 71 34 52 75 42 91 93 85 57 60 75 4 32 46 21 1 2 48 9 69 7 21 79 38 1 31 32 39 29 25 19 99 11 22 74 52 13 18 88 69 78 14
50
24 61 60 44 13 61 43 74 30 1 94 60 39 46 90 70 85 18 47 3 17 9 24 42 12 88 11 51 57 88 64 32 100 23 76 13 36 70 86 17 71 31 76 9 77 17 30 13 34 76 67
50
2 36 42 43 47 30 54 97 38 93 61 69 93 35 96 5 22 66 42 38 88 72 13 96 100 29 77 12 15 5 78 16 40 20 11 87 1 16 83 38 60 95 6 52 30 2 8 51 19 1 89
50
6 25 53 53 24 34 29 88 48 33 17 15 73 88 77 59 88 92 93 77 4 88 83 55 69 36 15 71 6 15 11 11 39 64 63 15 97 43 54 96 76 22 10 100 10 39 58 49 30 2 26
50
33 89 60 40 9 95 6 80 100 20 42 62 11 57 76 77 5 18 30 100 45 51 62 44 12 100 53 61 81 55 38 66 95 97 57 56 43 62 87 94 33 28 55 95 85 82 71 89 99 52 41
50
96 55 2 91 66 53 44 78 33 50 67 50 96 63 6 51 5 19 89 50 52 17 4 46 53 85 69 41 36 20 33 83 74 86 73 92 38 68 21 23 17 88 72 65 2 30 67 59 48 56 8
50
99 72 12 97 24 48 65 16 35 84 49 69 10 34 42 53 24 9 73 46 78 12 69 42 14 50 8 72 50 63 79 48 86 42 96 61 42 60 77 28 96 77 97 5 62 90 9 85 98 81 82
50
75 93 3 68 58 52 28 29 1 42 7 1 28 1 48 88 42 8 16 21 55 92 17 11 54 6 19 90 56 51 24 82 95 26 50 52 29 29 80 82 70 39 34 97 39 81 85 32 40 52 52
50
94 44 21 4 49 78 74 90 33 25 13 15 19 38 16 71 19 44 2 100 13 40 85 62 30 17 98 13 57 49 17 2 44 37 6 92 66 79 82 99 55 94 65 74 84 80 96 54 75 97 5
50
39 37 89 52 18 5 49 31 61 98 99 15 41 35 20 85 100 50 18 50 57 11 14 30 46 45 25 99 71 21 3 62 9 43 13 27 48 62 9 60 11 7 74 3 93 45 87 44 47 56 46
50
3 19 59 84 64 56 8 15 26 80 69 39 89 12 52 67 59 13 27 70 75 85 96 77 29 40 16 72 38 71 17 40 89 28 23 5 35 82 19 12 62 87 51 2 50 2 20 8 14 98 30
50
40 82 25 16 10 16 83 33 54 54 2 45 94 29 68 98 63 1 68 74 14 7 24 67 56 77 86 16 90 83 45 81 16 69 97 25 84 79 10 89 84 11 34 78 39 53 27 53 53 95 78
50
19 53 54 85 8 30 71 23 72 5 19 52 21 39 48 97 23 79 6 63 14 68 96 91 58 48 70 10 53 16 40 71 68 93 55 75 22 77 50 93 82 68 45 54 7 44 2 81 74 8 43
50
88 27 91 30 85 38 99 46 90 14 85 60 33 77 67 8 51 43 9 43 76 76 39 29 34 35 31 66 8 90 61 95 16 51 77 100 88 75 46 30 41 82 41 73 59 7 32 9 2 40 3
50
77 68 94 6 53 28 88 19 87 77 79 34 44 29 10 96 68 36 93 97 76 74 90 49 84 48 32 44 49 72 47 26 91 92 83 43 19 70 61 57 98 39 90 41 19 99 36 39 35 28 35
50
62 54 76 62 37 24 94 81 72 17 79 97 7 70 31 49 40 100 10 96 97 100 86 90 71 36 77 9 22 57 95 84 10 71 97 98 94 90 78 17 6 8 66 64 77 96 13 16 96 74 64
50
44 73 49 85 95 36 62 3 58 18 50 93 79 20 89 76 65 31 6 81 88 13 46 52 90 42 64 57 89 37 20 84 61 20 69 8 56 30 10 65 99 59 57 77 30 97 52 94 27 57 75
50
15 70 20 66 11 13 81 19 1 69 39 85 81 58 53 88 65 34 50 29 32 8 85 8 90 34 11 83 60 20 9 26 41 81 43 51 93 23 69 46 43 59 30 24 69 34 63 33 19 12 62
50
50 72 98 9 61 83 71 95 43 90 4 68 30 84 63 32 28 85 53 73 80 63 54 55 31 39 17 16 57 29 29 58 100 78 66 60 61 89 54 3 78 9 22 60 92 84 43 72 21 47 96
50
52 62 2 6 92 40 22 59 49 50 87 6 49 65 24 60 25 12 66 79 41 74 52 100 66 88 95 89 60 93 84 11 54 85 16 46 77 89 56 25 39 43 82 39 7 57 51 83 20 16 13
50
61 89 16 12 6 55 6 94 14 51 30 24 4 14 91 1 42 80 57 18 18 99 100 8 57 8 58 91 28 73 55 88 14 70 99 19 25 57 13 90 7 42 14 62 7 56 63 49 35 19 18
50
4 17 17 12 25 77 21 15 4 46 69 43 59 90 93 29 66 49 93 8 7 86 21 69 93 28 83 93 63 1 10 66 69 79 29 93 7 2 7 10 99 27 52 9 68 44 37 86 45 30 93
50
3 15 65 23 59 92 5 3 6 5 65 24 73 43 52 65 49 5 23 10 3 1 61 63 69 56 100 6 100 81 98 55 95 14 77 6 5 82 8 11 86 72 34 11 66 37 75 66 94 50 75
50
48 50 87 11 70 95 62 75 46 42 72 100 88 85 77 93 42 58 53 52 95 24 37 5 42 25 80 7 18 81 34 66 30 72 76 100 66 37 74 12 30 98 63 17 34 39 62 75 48 14 78
50
43 37 66 47 78 91 78 37 8 58 70 25 88 41 100 39 59 88 64 22 69 61 84 86 95 23 47 21 70 60 51 64 48 16 11 78 58 40 14 66 50 83 42 37 75 42 27 85 81 90 6
50
50 51 90 87 97 64 85 69 85 44 71 49 43 87 11 20 96 50 33 13 99 67 55 87 94 48 65 78 28 55 84 29 57 25 67 5 88 51 73 24 46 44 72 89 82 34 60 29 84 93 42
50
34 11 96 73 4 43 37 82 22 91 17 51 99 93 69 3 80 20 28 55 65 23 79 5 56 12 65 84 95 9 25 81 71 20 53 75 62 41 8 84 84 76 86 82 68 54 85 99 25 12 53
50
42 34 31 46 89 43 62 72 89 22 49 21 93 68 73 19 82 66 78 17 49 53 54 30 20 7 14 18 84 77 70 25 62 53 22 50 95 36 74 35 57 22 56 1 41 80 71 74 45 48 90
50
93 100 43 75 71 2 40 88 85 17 10 9 78 62 30 80 8 17 53 42 74 26 49 26 18 29 49 92 25 96 81 70 48 76 44 18 77 83 58 61 99 19 21 29 80 50 8 39 67 12 32
50
92 37 81 69 6 61 17 97 85 65 30 54 12 5 49 81 81 32 38 41 82 56 61 10 87 62 17 25 80 28 9 23 16 89 44 74 49 60 70 85 24 99 39 87 55 87 68 35 70 57 27
50
52 13 87 61 51 1 30 28 32 9 36 55 77 24 98 50 24 9 71 8 85 22 98 71 76 37 90 11 6 47 37 9 11 76 22 61 28 3 88 59 11 23 65 39 98 14 40 73 23 11 81
50
59 84 30 29 59 66 71 21 24 17 10 84 79 85 5 39 64 7 79 22 70 53 87 60 3 52 100 75 74 62 7 84 45 37 13 55 54 35 76 29 3 85 13 81 21 69 71 84 28 1 57
50
49 54 95 8 8 47 59 82 72 72 89 56 68 77 20 23 82 54 50 11 56 86 75 36 58 43 58 41 22 59 49 70 64 44 30 71 90 88 4 13 60 44 68 27 20 87 1 2 40 50 64
50
47 87 38 34 44 32 92 36 54 2 85 23 65 80 52 35 21 92 38 33 3 34 1 29 53 87 82 6 79 31 21 77 18 58 11 13 42 54 49 95 55 33 69 19 12 73 5 32 64 94 64
50
66 27 16 46 32 55 27 89 33 10 10 9 79 19 71 91 60 24 91 54 30 23 75 48 86 47 4 17 10 98 33 27 76 48 24 59 54 3 48 86 12 57 47 42 75 69 84 35 93 75 40
50
22 49 14 22 35 60 25 3 21 74 87 47 2 87 23 60 40 25 7 78 88 15 76 29 42 44 64 76 88 90 67 10 91 33 83 77 44 59 79 65 85 18 63 86 4 85 97 95 61 4 72
50
48 70 47 28 11 43 92 38 30 33 5 91 23 89 73 99 32 32 30 48 16 99 63 53 54 99 49 48 60 4 72 7 74 70 35 84 12 78 22 42 62 78 32 85 18 57 35 49 40 16 49
50
55 66 63 59 19 61 59 19 72 63 90 31 88 11 17 23 23 94 96 16 55 73 99 91 90 55 78 91 94 45 91 100 11 53 10 29 65 69 47 37 83 88 19 22 51 35 44 25 28 40 40
50
34 64 90 25 6 45 54 96 90 98 86 42 8 90 51 89 54 19 87 42 53 75 60 74 77 94 18 1 73 9 92 59 72 81 35 77 77 88 72 67 85 9 8 45 50 10 33 4 81 19 97
50
33 45 57 7 21 2 76 21 27 84 12 85 7 45 71 84 21 58 7 87 94 68 46 38 17 56 70 72 36 89 69 20 85 25 78 6 78 53 78 56 88 42 40 95 86 10 78 58 19 36 97
50
13 3 42 2 20 49 72 91 36 12 59 56 96 35 33 53 65 38 83 20 25 24 12 71 61 73 48 70 92 84 66 56 38 60 57 57 8 80 100 44 91 10 51 39 97 83 43 13 72 25 32
50
97 100 95 67 12 68 67 82 11 2 47 18 39 6 74 48 66 54 99 61 96 60 11 86 56 45 29 68 69 5 52 17 57 46 83 20 65 1 1 27 54 100 44 45 57 18 92 22 23 42 34
50
70 1 96 56 9 93 36 76 61 92 79 77 48 77 11 68 93 12 20 20 17 71 15 61 28 32 4 1 6 45 87 76 98 82 83 6 74 18 33 86 9 12 62 9 40 73 28 32 36 99 3
50
4 70 18 65 49 1 68 49 7 65 35 34 62 69 16 67 42 33 51 80 93 14 41 53 53 65 80 37 52 79 39 56 100 56 20 48 57 39 48 15 3 35 48 16 3 63 34 96 47 85 75
50
91 98 16 44 3 32 75 39 84 5 77 91 4 85 62 3 41 100 51 55 55 85 54 22 87 16 56 82 14 92 57 4 41 24 99 43 55 74 33 90 78 10 80 34 94 93 36 86 93 86 92
50
99 22 45 20 8 12 27 42 25 70 50 80 11 25 79 5 31 4 38 21 81 99 52 66 44 97 2 29 89 39 72 39 13 16 10 72 79 37 13 3 58 14 34 68 38 64 73 69 67 62 41
50
100 60 44 17 3 40 18 83 80 9 54 70 21 21 80 92 99 68 57 53 25 70 86 93 60 2 17 80 68 30 20 19 41 15 36 95 55 5 77 86 65 82 56 85 2 35 29 100 54 37 52
50
78 6 89 22 17 90 90 96 10 19 15 28 59 82 15 5 36 72 81 21 36 62 28 73 15 62 1 14 67 37 17 45 94 6 18 63 47 8 58 56 78 25 36 89 6 2 93 93 73 74 13
50
9 87 93 81 2 54 33 67 73 69 84 17 14 41 34 76 87 93 34 95 71 10 82 59 15 83 51 7 56 76 71 16 15 63 96 68 69 28 86 41 48 69 9 13 61 94 89 100 87 74 94
50
57 35 75 67 49 9 69 7 64 45 29 79 11 44 26 78 64 5 63 56 4 84 64 17 96 57 57 95 43 30 40 51 64 66 17 64 75 86 22 90 82 50 21 44 93 46 73 56 3 87 11
50
6 70 26 22 18 35 78 64 77 59 4 80 74 69 96 37 95 33 58 85 66 60 57 9 52 2 81 60 56 68 22 62 89 48 35 6 82 65 22 10 23 25 89 97 45 37 85 92 21 95 76
50
87 54 32 47 57 85 28 16 93 47 38 54 35 37 40 93 70 4 14 79 27 90 20 75 86 56 11 77 28 5 52 14 58 35 61 67 72 40 82 64 86 71 69 72 59 8 64 28 12 29 7
50
90 18 26 64 4 33 26 80 60 31 84 26 40 70 38 6 93 77 40 56 14 10 76 85 69 84 1 48 47 29 54 36 99 31 51 54 15 28 85 75 58 20 52 98 42 41 55 34 69 94 90
50
82 56 17 18 76 100 18 23 98 99 29 85 49 59 87 2 74 15 38 100 72 58 3 21 99 43 28 84 11 21 25 92 28 42 61 3 93 79 78 91 29 6 27 77 64 14 30 89 28 67 88
50
51 76 90 24 26 84 51 10 94 23 34 37 51 27 98 5 20 28 82 62 8 39 88 84 55 1 13 43 80 31 83 83 59 24 58 84 8 8 45 53 82 31 90 84 57 39 89 76 18 22 89
50
25 61 77 8 15 29 72 9 9 54 91 43 12 67 100 48 74 59 44 26 40 74 67 24 31 57 64 58 74 85 99 98 97 75 57 11 3 80 72 63 34 14 5 97 80 4 44 53 62 88 31
50
54 13 49 77 95 6 40 5 31 24 3 29 73 77 37 35 31 17 6 94 2 20 98 98 99 54 94 4 67 33 86 20 45 34 96 40 91 87 44 22 63 46 2 35 74 90 69 4 6 27 97
50
7 46 47 57 96 52 50 99 18 34 36 38 78 22 85 69 12 24 64 85 86 9 86 72 34 76 92 38 33 18 86 92 63 84 100 11 35 49 61 53 34 97 42 11 18 26 32 29 1 95 66
50
86 56 3 57 89 30 1 78 63 18 64 6 33 99 5 43 34 5 3 86 38 99 27 100 68 4 31 49 5 26 14 42 81 16 51 21 46 51 99 60 68 14 65 52 12 21 94 45 25 97 82
50
62 47 60 13 67 64 44 15 20 21 80 13 1 95 63 21 92 65 71 3 85 84 19 36 96 39 30 92 15 78 74 76 76 85 89 42 100 84 8 19 4 87 84 56 34 98 76 77 63 47 80
50
99 82 50 34 29 41 15 21 55 92 46 83 20 30 23 13 30 6 21 100 9 59 35 64 92 33 91 69 95 89 100 45 23 1 78 51 41 93 23 96 36 20 78 55 50 100 20 31 57 92 82
50
17 50 17 32 42 49 22 62 95 63 13 39 85 13 68 35 6 60 10 53 96 29 30 2 78 81 73 60 89 64 42 5 14 10 36 7 10 9 20 56 71 32 94 55 96 13 42 53 73 51 5
50
20 79 86 73 9 18 46 68 6 9 61 62 74 22 97 80 31 6 99 86 28 82 31 35 30 44 76 82 68 78 87 39 8 24 11 16 42 8 36 47 69 48 61 42 70 57 74 52 14 24 90
50
94 6 72 28 87 67 55 20 34 84 6 24 91 82 87 7 23 94 94 21 14 93 81 8 14 90 81 66 55 4 7 48 61 78 75 99 97 81 19 82 64 76 6 7 57 92 65 31 37 58 52
50
3 50 84 10 64 73 42 81 28 97 87 27 10 16 54 8 12 34 26 46 50 54 51 56 10 94 20 41 82 77 44 84 78 27 45 93 52 86 73 79 35 11 57 44 79 10 51 42 44 29 87
50
93 34 89 100 43 82 19 35 16 47 78 51 76 57 96 69 8 33 93 38 67 56 94 10 34 56 13 27 99 93 14 43 26 54 42 20 88 12 7 3 10 36 53 85 92 100 5 51 33 98 40
50
99 53 86 61 38 41 25 64 91 17 29 85 94 35 78 13 22 89 19 76 50 55 28 34 98 28 91 1 12 88 92 10 92 77 22 29 69 46 44 59 14 25 43 7 59 20 72 32 60 42 7
50
9 48 86 95 98 13 85 98 76 24 89 38 15 18 59 95 86 5 90 97 70 14 91 77 24 63 100 55 22 41 13 83 41 99 29 38 63 13 87 39 36 75 76 2 44 86 96 82 42 85 78
50
12 51 20 40 26 82 39 33 56 31 45 90 23 95 18 60 58 30 98 96 17 25 23 18 68 8 65 49 50 49 78 13 51 50 52 29 31 42 61 38 72 57 27 95 52 96 6 61 25 4 56
50
93 28 30 10 47 37 74 96 38 75 25 2 77 74 53 5 57 94 17 46 18 26 73 64 29 20 21 89 45 24 44 89 3 25 99 50 13 24 97 3 50 21 4 27 47 57 83 55 2 52 100
50
71 77 24 34 5 44 55 93 40 30 88 28 33 64 78 34 76 2 30 78 3 2 82 29 100 90 64 54 91 15 54 14 43 77 47 47 20 53 91 59 83 30 39 67 93 16 100 68 69 81 46
50
72 34 79 52 34 20 15 87 62 29 92 75 71 69 22 69 88 74 59 99 8 40 37 26 32 4 77 100 73 57 97 44 43 27 95 76 46 62 14 7 42 6 82 65 74 3 33 13 28 44 63
50
88 83 99 13 67 55 42 66 27 50 14 70 92 40 16 67 85 77 33 91 71 38 72 35 63 26 67 27 6 62 90 45 97 40 9 63 94 50 80 20 100 93 41 91 32 9 10 68 37 42 58
50
7 31 82 41 93 59 60 19 16 21 60 60 69 100 69 83 45 70 62 65 69 54 57 12 37 65 21 4 2 14 14 8 96 47 1 88 5 60 58 21 32 70 32 1 21 52 83 65 22 97 81
50
42 2 90 53 39 54 25 42 7 38 7 67 33 53 67 72 58 26 82 30 9 3 13 61 23 65 96 39 86 92 20 27 93 9 32 31 14 56 25 21 46 83 39 30 36 5 54 45 82 87 26
50
90 89 38 51 63 2 46 1 39 37 20 18 81 80 49 12 94 56 88 66 53 70 4 83 5 60 36 1 41 74 26 30 62 64 32 24 17 77 76 8 65 96 25 46 27 25 9 20 32 96 37
50
85 65 40 67 22 99 54 74 91 27 100 21 40 15 52 15 31 81 90 38 45 37 14 90 64 38 50 35 70 45 72 6 62 63 72 35 14 77 8 4 55 7 76 94 73 80 60 4 12 1 93
50
56 90 7 98 53 96 47 39 17 44 62 22 5 25 45 39 90 21 98 45 75 57 21 20 29 52 31 32 63 32 77 70 21 83 67 25 30 66 15 47 9 77 68 65 53 13 55 94 85 52 38
50
60 60 10 31 89 61 62 72 75 45 48 45 17 82 63 93 12 28 7 58 88 35 77 4 87 89 58 32 26 62 70 85 21 79 67 9 92 80 81 66 76 80 10 92 62 25 36 73 52 95 82
50
92 29 58 95 68 99 5 99 24 66 20 60 38 99 26 47 42 6 79 59 33 58 69 25 71 93 12 43 96 6 24 39 87 34 34 54 32 38 4 55 55 24 14 92 74 91 90 67 48 20 25
50
81 30 45 57 100 37 68 43 85 26 18 23 12 51 8 17 34 97 20 88 3 95 53 95 68 44 36 34 43 56 11 23 85 55 79 84 44 99 78 28 24 48 2 35 50 62 51 84 58 22 23
50
13 17 28 7 36 23 94 22 65 49 32 88 85 86 18 21 29 16 50 8 39 49 10 25 99 23 27 34 32 49 8 44 65 87 2 52 9 96 73 74 96 4 13 81 42 30 1 70 46 2 78
50
36 51 39 61 1 61 39 86 44 87 93 88 3 80 89 55 40 36 79 13 32 35 25 12 76 7 64 97 4 17 74 39 67 64 51 67 76 90 52 20 28 97 7 83 28 47 89 67 83 67 32
50
66 53 8 29 28 14 44 25 17 60 50 8 27 14 10 45 41 51 49 60 79 97 18 13 24 17 1 90 51 19 21 16 72 29 96 51 94 39 75 63 98 77 70 76 42 79 73 82 82 73 94
50
60 69 63 72 92 79 24 33 29 42 54 96 13 34 91 64 79 81 90 41 79 18 10 6 59 41 78 93 22 2 38 33 70 100 56 61 79 31 94 59 72 99 7 37 84 97 100 62 78 41 55
50
8 11 16 65 69 56 95 13 29 96 50 13 66 2 20 78 80 50 23 90 22 73 96 10 56 45 9 70 74 1 76 33 11 91 97 32 99 91 96 79 87 98 92 4 99 63 81 30 13 4 19
50
86 76 67 95 84 63 55 5 88 7 80 20 70 70 68 1 68 59 48 47 97 45 90 100 43 52 80 72 16 83 43 53 11 61 99 94 75 5 98 62 12 77 33 81 46 100 33 66 58 80 12
50
54 25 1 5 19 4 85 43 72 19 37 24 29 97 23 74 71 27 71 84 90 99 16 22 45 15 54 62 25 86 73 30 62 25 35 80 80 71 22 51 89 10 75 70 6 49 43 28 27 66 63
50
17 64 78 38 60 45 44 21 69 81 93 98 42 69 84 73 49 54 47 99 43 56 73 64 14 73 6 93 100 71 56 16 87 33 5 46 29 100 67 97 32 11 47 25 80 30 98 80 84 44 78
50
78 51 3 41 64 75 46 57 26 69 12 93 55 96 50 52 25 49 18 73 33 81 19 57 60 49 54 39 32 49 68 61 52 22 1 15 97 98 23 22 66 86 67 72 34 16 24 10 16 41 82
50
48 21 1 5 32 1 10 22 84 59 42 44 10 63 44 76 11 41 99 33 59 36 51 30 69 66 53 78 81 46 12 29 18 64 85 2 64 94 75 99 52 16 94 13 79 37 89 89 29 39 73
50
39 26 23 69 47 88 73 24 21 70 87 49 40 50 33 41 65 26 15 15 30 31 8 42 61 96 82 49 25 72 22 63 98 96 83 44 84 8 19 4 77 58 4 68 59 88 8 24 13 75 90
50
94 57 98 88 17 93 69 65 69 93 38 84 42 86 18 85 21 25 55 24 54 12 79 21 71 66 29 46 30 55 35 24 11 84 63 27 29 83 43 97 75 33 32 16 18 50 52 38 26 59 13
50
79 22 43 100 44 8 80 41 89 34 28 64 96 11 26 74 39 9 16 88 83 100 71 51 17 20 54 6 46 12 70 24 86 12 75 29 19 6 70 60 91 49 23 86 59 49 59 50 9 27 89
50
43 78 59 45 47 79 99 52 76 62 22 51 99 33 78 28 4 83 49 15 74 97 37 11 7 37 70 56 97 48 96 40 25 55 84 71 85 34 75 60 48 48 62 46 80 39 73 35 22 73 49
50
47 21 38 57 28 74 78 35 23 25 31 62 2 37 97 24 21 31 50 32 78 97 45 23 29 84 48 63 57 20 64 3 93 1 11 20 26 89 6 48 65 36 61 18 24 58 42 96 40 91 27
50
17 88 72 91 68 7 38 30 63 10 45 17 2 97 27 73 75 67 78 74 32 66 35 49 89 44 42 85 83 85 63 51 24 86 93 91 44 31 72 58 92 17 74 45 13 53 17 39 19 46 13
50
2 63 99 3 4 42 44 40 24 28 2 26 3 40 18 93 83 100 65 41 43 81 66 87 45 18 55 36 89 53 48 42 15 46 44 18 39 40 57 14 19 11 39 22 50 8 14 84 8 30 76
50
50 62 42 89 7 11 95 94 51 47 41 93 62 38 36 31 76 27 40 89 46 50 79 67 51 86 32 34 93 62 10 95 23 3 83 81 65 77 74 16 76 66 8 89 3 95 19 30 74 58 70
50
19 7 48 37 9 34 68 43 78 81 4 72 4 58 54 36 22 83 62 37 58 27 96 46 82 43 16 63 16 74 33 34 32 80 22 41 13 41 35 91 22 90 14 77 47 20 64 68 2 25 5
50
11 52 52 8 85 94 75 47 9 48 79 94 32 11 67 24 75 8 10 65 81 99 31 57 45 50 20 12 51 45 68 13 48 20 72 32 65 46 30 26 46 9 71 77 71 38 52 45 97 61 62
50
77 59 92 33 3 41 4 66 43 100 34 55 99 5 26 30 21 23 12 46 68 72 69 96 42 6 47 86 2 59 47 78 17 38 62 71 78 17 37 20 17 22 26 15 78 3 97 98 26 60 44
50
93 31 12 89 72 69 87 9 22 46 8 51 14 45 12 85 75 80 73 46 48 46 72 15 23 74 63 20 51 22 15 44 4 78 84 75 98 22 35 19 67 42 69 33 39 32 69 13 64 41 58
50
11 38 81 25 60 7 87 31 57 60 46 52 63 75 35 89 73 9 24 43 75 17 12 59 55 95 27 19 58 19 29 21 56 9 45 15 67 84 46 24 95 43 27 58 17 14 98 41 22 73 84
50
48 90 47 7 96 41 33 15 51 52 43 71 7 3 67 74 22 2 19 97 97 13 23 6 29 36 3 22 9 76 5 57 17 51 63 12 43 47 78 93 98 20 15 57 75 34 30 96 35 100 92
50
83 12 14 88 92 2 43 13 10 70 69 18 86 19 80 49 14 79 27 58 28 98 73 84 24 58 65 19 92 16 62 27 27 28 14 71 29 8 35 90 29 4 60 66 74 91 15 87 69 93 97
50
97 90 21 32 14 78 97 84 69 12 46 47 91 25 61 61 5 20 47 94 49 50 53 14 76 44 80 14 64 72 10 60 62 30 92 27 7 40 62 28 51 59 74 41 83 86 53 87 6 52 33
50
6 53 37 19 28 80 99 42 96 22 51 55 35 81 98 61 39 37 75 66 88 33 92 80 16 77 85 2 34 36 86 91 88 23 10 68 54 60 9 49 81 11 4 16 43 1 28 82 38 2 99
50
77 87 90 8 54 19 92 55 4 79 41 95 19 15 56 86 68 15 94 17 47 56 20 14 99 72 94 80 61 47 30 89 33 72 97 86 90 88 93 45 19 85 91 37 99 46 22 66 12 67 82
50
59 22 53 24 72 77 17 51 37 64 33 26 48 4 22 34 45 61 78 89 31 62 80 67 12 77 40 77 89 58 11 99 80 63 22 51 39 91 54 28 54 86 5 1 41 78 86 85 90 63 25
50
21 76 4 87 87 81 79 64 21 36 26 19 67 88 40 70 79 30 75 58 35 12 62 88 52 39 25 36 28 40 60 48 15 16 87 2 48 17 17 68 52 42 86 71 81 77 40 11 59 14 68
50
45 77 29 32 28 67 57 63 47 96 74 46 62 89 32 15 88 48 31 55 52 24 40 22 57 69 61 67 27 26 87 71 2 15 55 81 34 63 43 32 10 68 77 71 9 61 38 96 8 20 51
50
11 44 42 32 52 62 44 70 40 69 56 63 22 23 17 2 8 31 96 91 40 16 67 62 24 27 51 71 87 71 73 97 66 67 29 17 28 72 86 68 93 94 30 66 68 98 20 27 28 67 17
50
19 82 83 32 57 62 35 28 48 5 100 96 70 66 24 86 46 48 23 65 92 68 94 9 87 43 28 13 22 47 29 92 28 64 75 85 25 9 64 24 13 15 19 82 81 95 19 78 94 94 42
50
37 61 87 45 100 81 25 12 2 23 41 45 50 56 19 86 32 28 49 55 92 64 25 26 96 71 96 25 16 89 66 52 2 4 49 1 84 25 64 85 47 4 81 48 11 99 86 42 78 34 48
50
22 49 25 47 96 95 94 20 63 83 37 14 36 92 14 88 75 38 51 11 36 7 91 84 17 90 69 11 19 54 58 40 55 34 38 2 81 32 74 43 66 10 56 1 54 22 88 28 59 38 91
50
95 96 81 30 13 22 50 23 93 3 32 32 9 18 22 11 98 53 84 40 18 45 47 70 98 68 9 78 79 98 68 25 94 48 54 6 22 3 80 14 57 63 97 66 80 18 76 29 22 11 20
50
39 55 19 60 5 38 68 82 16 66 1 40 11 100 45 68 21 99 47 86 56 61 83 73 93 52 100 73 74 10 93 64 16 11 24 72 100 91 5 16 8 5 7 18 57 52 85 77 2 83 15
50
57 96 97 81 88 100 80 12 73 41 4 37 57 66 60 80 66 2 85 33 62 41 39 31 97 42 16 26 44 50 40 52 97 88 33 84 87 64 48 60 5 51 96 13 69 7 92 34 8 28 18
50
21 69 56 52 17 50 19 42 45 68 33 48 65 20 80 100 59 96 47 70 100 50 17 64 18 23 55 3 82 35 20 3 3 27 6 19 28 24 13 72 91 45 20 7 17 51 59 27 98 57 96
50
97 6 12 60 75 86 67 29 67 1 48 21 55 27 26 25 54 49 37 78 92 34 49 50 50 51 8 76 49 17 23 97 22 34 9 49 71 75 77 89 27 77 10 81 55 87 5 60 88 94 37
50
31 27 37 80 28 88 40 55 36 8 77 84 81 62 92 29 32 66 58 20 92 34 81 24 88 20 29 99 7 74 36 89 100 72 20 79 11 11 33 98 18 61 82 99 22 73 27 5 39 36 76
50
82 69 57 6 8 28 86 7 34 59 94 74 58 17 93 88 28 4 20 77 21 32 58 71 53 31 50 9 21 85 84 2 6 92 59 65 19 44 23 4 54 16 77 63 85 70 50 64 25 69 40
50
45 52 98 68 4 80 17 64 100 1 48 53 58 91 12 23 10 7 45 13 61 61 90 23 97 11 25 60 35 45 99 31 97 48 98 100 27 14 16 26 67 63 31 24 5 94 46 14 100 91 79
50
12 3 20 87 51 30 11 10 64 55 60 46 51 8 44 3 34 9 70 12 75 84 94 51 88 87 96 2 38 38 80 2 92 99 88 42 80 50 3 95 56 63 40 59 70 83 61 55 44 82 18
50
18 65 11 68 52 49 16 53 87 53 84 40 97 34 27 38 13 28 41 7 83 55 99 41 24 33 53 30 76 34 100 94 98 62 13 50 11 28 54 49 33 90 88 29 23 66 18 88 93 10 94
50
27 64 44 20 39 77 72 21 52 58 20 97 7 81 62 8 43 41 62 43 73 51 30 53 73 47 23 60 91 84 6 18 48 1 37 38 77 60 58 81 17 29 29 76 62 42 83 4 83 44 47
50
7 46 28 12 71 75 34 82 65 17 39 34 16 40 22 54 68 82 63 100 50 92 29 25 5 70 8 8 4 3 6 11 49 86 22 19 12 55 52 28 23 91 62 39 30 83 44 97 16 58 97
50
18 1 77 42 5 98 1 65 2 56 70 64 56 7 85 26 18 91 77 46 13 67 7 3 96 41 98 45 9 56 93 26 8 21 19 13 18 72 77 71 27 98 34 82 5 70 59 74 60 35 19
50
25 2 77 79 49 18 77 45 78 84 37 3 91 9 73 55 27 44 31 49 22 81 35 55 37 4 13 10 16 48 81 40 1 57 18 49 26 46 94 3 29 82 57 72 91 30 26 69 73 9 17
50
95 41 3 49 77 7 62 38 22 61 18 13 61 27 30 9 52 76 54 55 56 36 11 79 78 40 5 46 65 13 14 59 5 69 59 81 75 72 70 48 32 88 60 92 14 41 1 17 68 6 71
50
76 93 34 54 70 25 58 67 89 22 33 99 26 1 10 58 27 81 28 26 13 67 85 4 32 77 56 48 45 62 71 20 6 56 73 76 32 83 94 73 56 26 71 34 78 32 91 4 13 70 81
50
77 88 65 80 19 94 88 19 38 1 41 9 6 48 33 81 79 15 27 51 23 4 74 56 82 5 98 37 17 68 18 93 7 34 25 78 27 12 48 16 12 88 24 69 35 57 2 13 23 28 64
50
97 31 89 52 64 93 50 1 62 69 70 6 27 3 30 4 82 93 51 97 56 90 73 25 24 29 26 89 3 5 4 100 35 92 3 99 84 4 51 97 72 72 3 51 26 32 54 7 77 57 4
50
32 46 76 8 22 56 85 10 10 89 65 61 76 8 64 26 91 67 28 40 91 99 42 41 24 25 46 31 1 2 86 85 48 13 44 69 20 29 30 29 69 94 42 44 1 5 21 43 71 48 82
50
13 98 23 53 22 48 51 4 100 52 41 84 99 5 28 67 24 8 96 4 76 41 45 72 93 1 44 36 72 44 69 36 41 44 41 14 43 91 17 42 42 57 78 41 61 5 59 36 64 7 92
50
91 99 88 62 92 89 58 27 12 1 47 47 41 90 87 55 32 77 23 74 71 32 51 63 44 7 21 80 70 79 23 60 78 10 74 69 98 83 47 9 83 93 56 75 83 94 81 14 23 4 39
50
93 35 89 7 78 47 27 9 68 58 83 80 35 93 5 55 90 87 1 51 21 93 58 95 27 51 76 93 25 31 31 69 65 72 75 94 18 2 55 38 11 37 17 45 81 21 51 71 7 51 73
50
79 95 30 73 22 32 48 14 57 78 96 25 94 67 100 40 37 53 46 74 63 82 90 59 15 62 9 85 20 59 9 98 53 38 70 26 69 70 91 25 99 87 2 45 53 1 84 41 53 29 14
50
15 62 55 73 76 16 33 12 87 91 20 84 95 9 6 73 78 75 63 54 25 49 55 69 54 7 4 94 59 84 60 25 98 66 49 73 82 81 37 68 23 8 4 18 17 9 90 46 35 4 51
50
59 5 58 80 58 64 83 3 75 19 14 99 16 80 100 40 13 80 28 32 55 36 35 72 4 95 13 1 29 68 51 40 72 60 19 81 24 53 84 98 71 49 48 38 28 47 78 92 79 5 24
50
33 92 58 56 95 5 20 47 33 87 98 72 59 9 42 39 32 47 74 81 17 75 29 7 2 27 36 46 57 92 69 41 84 78 48 30 82 67 77 15 6 26 38 16 34 80 6 18 26 80 98
50
94 6 78 52 59 57 87 4 65 79 72 6 14 50 53 95 31 72 71 97 77 48 87 92 34 66 97 51 43 28 100 88 33 78 40 44 86 78 47 50 8 19 55 21 20 60 16 2 83 38 51
50
59 86 37 2 71 54 50 21 96 30 20 35 14 49 26 57 34 4 4 36 11 74 42 32 93 1 99 46 35 88 96 45 73 32 46 95 85 48 15 32 29 87 67 42 87 92 51 73 47 6 8
50
58 79 49 41 23 2 91 68 36 78 16 81 3 47 78 97 84 77 64 67 5 50 33 99 88 77 1 60 75 6 67 32 36 68 24 58 69 14 77 56 44 44 88 46 43 66 42 26 94 57 92
50
99 58 77 49 46 5 49 5 79 54 24 63 41 91 38 50 59 4 78 66 47 22 54 92 64 19 85 89 64 42 32 62 51 8 62 96 64 10 53 95 15 76 57 55 66 46 56 76 49 34 41
50
95 55 46 38 18 16 75 58 80 68 41 41 18 1 55 66 64 64 18 58 31 93 66 37 10 12 93 85 12 78 77 59 32 23 96 1 90 22 10 69 89 50 62 59 2 16 24 66 31 41 75
50
61 85 93 50 94 56 94 30 67 71 58 25 54 32 73 6 22 46 67 90 35 68 51 45 70 66 68 87 49 60 13 61 44 5 10 89 12 55 18 79 25 27 55 30 59 79 35 32 25 1 73
50
11 69 24 55 90 41 74 76 89 33 88 50 28 45 11 68 56 66 37 86 42 63 93 72 73 23 58 4 99 59 77 9 79 52 15 20 44 88 95 85 72 34 86 51 30 96 18 38 13 54 75
50
55 69 67 78 41 42 35 97 40 45 25 49 75 28 15 94 71 3 88 55 26 74 40 77 55 88 46 92 100 100 67 6 68 85 83 60 26 18 56 18 62 32 66 37 59 80 82 30 34 22 36
50
12 95 28 40 49 15 85 93 66 36 59 24 55 95 6 67 21 75 22 38 89 6 55 25 64 86 58 93 72 79 29 83 73 8 74 74 22 10 66 39 46 76 62 52 70 20 18 42 94 92 31
50
82 97 85 58 60 23 16 5 94 94 85 28 19 92 53 92 65 62 9 3 59 84 17 11 5 36 80 47 29 23 77 63 19 14 20 31 36 35 35 81 81 71 60 99 62 12 42 26 73 50 80
50
32 85 96 94 41 83 73 39 12 48 16 74 66 81 45 48 68 32 82 100 12 4 59 62 65 22 3 42 94 4 74 77 40 21 22 80 4 47 19 67 94 86 92 59 66 36 59 85 19 92 84
50
30 96 42 91 60 63 45 54 8 48 79 37 39 99 58 19 54 56 89 72 49 74 63 60 91 51 18 75 21 9 10 3 4 3 45 16 65 90 21 24 89 99 12 28 49 22 46 55 77 86 26
50
26 59 41 85 1 43 54 27 63 62 36 65 18 38 10 85 54 51 5 29 39 55 41 66 3 62 63 9 38 48 35 15 58 27 51 58 21 4 36 83 18 71 100 35 60 61 19 65 63 75 94
50
1 29 34 19 83 47 33 92 36 33 78 51 90 4 1 100 24 57 87 58 74 58 9 60 69 21 30 34 83 4 27 84 84 12 54 66 10 38 9 45 70 86 95 12 89 48 11 64 4 49 74
50
29 6 82 88 27 3 69 60 85 24 38 20 7 49 25 72 58 63 81 54 32 18 49 95 59 48 57 22 3 6 95 31 63 29 70 89 83 38 100 19 61 37 91 19 37 15 90 46 29 22 100
50
13 40 100 7 98 47 64 71 49 69 18 31 31 98 100 72 80 89 71 98 1 8 88 19 44 55 60 42 83 34 41 95 25 40 2 74 38 17 44 86 85 13 68 67 10 67 38 89 7 9 39
50
7 68 26 77 63 80 36 4 15 69 44 9 93 35 62 18 72 78 14 9 14 26 76 81 36 94 18 76 100 26 14 58 93 92 34 8 23 22 11 37 90 55 46 35 41 59 52 65 37 17 73
50
50 43 1 82 30 46 100 5 46 77 71 55 22 62 89 29 84 62 39 73 51 45 18 37 38 28 41 2 16 57 74 18 51 26 99 80 72 50 37 69 27 59 23 48 20 63 28 55 24 18 27
50
27 15 96 15 52 24 7 53 91 64 78 8 66 56 7 46 27 56 34 47 34 92 69 33 63 84 60 17 59 30 96 37 44 91 4 95 66 10 99 57 25 28 16 91 83 22 36 9 30 69 55
50
63 12 76 96 74 11 7 90 21 36 37 58 79 28 61 25 45 22 75 53 47 3 69 37 85 42 72 46 71 92 52 34 55 27 81 28 89 39 69 10 75 6 19 5 85 31 82 29 52 56 82
50
98 10 2 34 95 43 57 92 14 100 43 99 54 70 31 81 10 69 50 19 95 55 37 52 39 67 33 19 71 40 100 68 50 53 2 96 96 58 87 61 58 81 59 11 2 41 44 12 9 93 30
50
56 47 19 7 37 37 91 55 7 82 7 27 83 59 28 78 6 37 16 66 46 49 24 57 50 64 52 61 25 44 43 80 42 13 38 78 1 28 84 8 9 90 86 44 1 13 73 6 49 89 72
50
95 89 47 3 38 63 54 99 39 49 93 18 42 5 7 71 57 86 54 64 46 96 49 89 96 13 62 53 14 2 76 60 90 23 14 27 37 67 77 75 67 69 44 8 25 50 78 82 35 83 97
50
80 78 98 21 25 62 82 30 75 83 5 34 72 79 47 50 15 65 27 89 83 47 84 42 72 33 71 5 19 54 53 51 83 2 71 60 64 52 89 38 34 45 24 57 24 22 6 90 39 32 31
50
21 79 14 63 2 47 33 58 17 38 10 67 21 12 37 80 27 88 20 64 73 64 39 29 39 61 87 81 51 18 11 71 48 76 85 1 74 18 58 91 7 20 57 27 83 46 58 9 33 77 24
50
58 93 63 38 83 75 24 15 25 42 25 47 41 53 32 42 26 1 51 16 7 22 25 86 4 70 43 12 54 72 36 11 16 50 49 98 76 24 65 52 65 89 98 58 93 81 51 19 81 53 86
50
40 75 62 25 78 31 67 42 37 38 29 99 5 30 47 55 5 71 19 56 87 59 53 96 52 86 46 70 66 51 7 5 25 69 81 54 51 48 47 87 37 75 86 42 56 84 96 60 6 66 15
50
45 24 20 40 75 57 38 44 22 88 3 79 64 71 59 69 21 58 16 8 47 42 45 40 98 28 87 57 34 52 24 78 75 95 17 50 3 6 45 24 45 47 54 8 69 65 77 90 74 44 49
50
72 85 93 11 34 20 49 43 5 52 18 82 27 64 51 28 66 56 24 41 1 23 95 60 91 11 88 32 84 31 80 56 68 24 18 53 44 19 95 48 70 12 82 96 75 32 75 92 39 99 33
50
91 21 27 51 63 89 90 95 24 21 26 31 40 50 49 92 45 67 87 92 36 50 25 84 77 56 10 68 47 8 100 37 80 78 39 95 66 29 89 90 49 66 20 40 15 20 31 59 38 69 3
50
26 19 27 61 47 35 70 14 81 30 14 69 9 43 8 3 61 36 43 50 36 9 21 75 75 93 57 34 30 26 36 7 96 14 67 42 48 37 55 80 66 20 49 26 15 56 81 75 43 23 76
50
78 83 48 4 58 40 60 91 22 37 78 28 84 43 95 25 43 83 32 74 100 3 22 25 17 29 5 91 23 80 66 100 62 14 55 19 5 15 61 26 3 90 6 87 33 52 11 27 34 94 100
50
85 97 74 9 65 2 66 56 25 45 73 76 58 38 31 29 95 97 89 72 99 31 77 85 15 28 48 41 13 41 92 97 89 65 58 54 67 75 61 43 19 85 18 28 23 100 56 17 96 97 88
50
47 27 17 83 93 96 30 85 9 23 76 57 63 41 66 16 7 40 28 1 10 13 70 38 35 70 45 3 17 41 42 15 19 10 98 11 6 79 95 66 1 23 74 64 63 40 31 21 31 59 21
50
41 23 42 30 57 63 74 11 80 67 4 46 37 14 43 100 71 22 46 36 74 68 9 89 30 100 20 50 31 30 22 23 52 64 52 60 26 77 22 57 43 77 3 32 42 45 31 12 66 76 99
50
92 44 8 80 73 7 99 75 89 80 96 11 83 59 62 42 85 91 15 41 85 92 43 16 33 40 46 97 5 22 95 96 65 2 28 89 61 26 63 49 58 59 12 40 69 25 34 53 15 48 94
50
100 39 88 15 24 27 13 20 84 34 14 31 50 68 58 90 80 36 5 80 93 63 91 32 31 16 65 36 82 65 81 33 55 68 100 78 47 12 49 30 97 15 60 46 34 70 87 13 5 91 92
50
97 5 35 80 88 2 97 23 83 61 3 68 15 22 67 45 68 78 45 97 74 59 9 71 92 78 9 56 34 100 48 82 4 82 61 43 35 57 65 69 69 19 36 36 41 2 32 8 31 76 57
50
56 87 17 78 30 46 87 86 31 86 33 12 41 66 72 84 52 81 100 20 1 19 56 36 59 9 67 18 40 95 26 95 81 94 73 10 91 59 47 21 96 31 32 88 96 56 71 99 36 71 19
50
36 41 74 24 51 82 42 68 73 36 46 20 68 91 92 30 82 2 76 54 49 7 86 36 54 93 7 53 28 29 23 15 21 96 90 71 29 32 90 54 19 87 73 39 78 64 20 11 17 47 64
50
65 5 1 100 59 93 58 63 72 38 85 39 58 32 80 28 12 11 70 17 82 56 89 72 33 4 91 95 20 37 59 36 42 11 36 52 56 45 66 79 35 2 17 92 85 97 72 48 59 41 65
50
92 96 53 63 81 9 5 75 80 94 85 16 87 96 3 90 51 99 55 81 33 8 98 25 92 46 48 39 56 88 55 48 35 8 62 15 68 67 90 47 12 74 14 98 21 16 87 23 15 93 4
50
99 52 53 23 43 98 70 33 53 9 88 52 44 47 66 58 14 84 99 60 95 73 74 44 93 41 82 16 7 26 19 6 77 71 80 19 20 2 51 24 10 90 76 5 36 93 63 49 76 61 61
50
70 85 86 13 30 78 46 45 85 71 15 42 47 37 21 17 56 22 67 31 84 9 58 88 44 50 2 45 25 15 57 46 51 94 10 80 71 55 24 7 25 90 48 71 26 69 87 33 42 6 64
50
25 66 21 65 61 71 18 5 47 84 13 93 35 6 2 14 29 57 90 35 81 31 83 4 57 3 42 41 44 99 4 21 64 77 37 25 99 54 81 45 90 94 37 76 51 39 89 79 47 30 14
50
27 61 48 82 69 50 76 9 93 74 65 65 90 41 1 66 39 7 46 35 48 91 72 23 42 62 63 72 8 93 37 34 5 84 68 25 85 95 85 30 68 1 94 9 93 47 74 31 5 20 66
50
52 62 89 74 3 50 36 27 57 80 63 42 36 99 61 60 83 55 97 12 23 97 58 83 90 4 57 72 60 28 89 11 89 77 84 44 78 19 70 34 51 84 28 86 34 88 98 17 43 94 80
50
17 42 89 99 31 44 55 55 3 82 43 13 23 72 48 66 49 19 35 35 69 70 62 54 4 49 3 72 91 48 3 59 90 44 58 20 87 64 26 42 98 69 54 20 40 54 85 40 72 71 74
50
40 40 87 45 95 88 100 18 30 47 21 89 36 64 46 8 2 61 33 43 58 53 49 77 92 2 61 84 25 83 9 64 75 48 60 69 35 59 87 64 6 59 52 93 74 49 100 75 10 33 70
50
19 37 70 96 81 71 8 64 95 91 24 10 65 71 21 85 5 80 71 21 37 81 24 29 54 73 81 29 34 65 50 52 1 19 99 81 41 7 96 87 97 20 96 13 90 68 97 47 99 20 67
50
35 100 90 16 54 14 48 34 99 12 83 3 64 53 1 97 93 59 92 79 7 11 26 19 53 45 68 99 44 87 17 30 86 58 97 91 72 44 24 22 7 58 24 23 10 77 19 54 35 10 84
50
94 21 61 12 25 6 79 23 1 65 91 30 3 48 27 93 19 22 69 93 81 26 16 3 88 44 21 93 31 30 77 24 2 89 87 26 46 66 100 46 82 42 76 36 90 54 29 60 27 97 52
50
7 74 20 9 61 63 29 6 45 11 82 68 64 22 55 42 68 72 41 65 5 35 92 41 24 45 21 83 24 17 35 30 42 54 39 55 68 19 60 13 81 93 32 45 14 86 86 33 9 78 98
50
14 12 89 54 35 86 74 70 9 42 4 90 83 9 28 37 28 99 48 92 79 40 24 75 6 61 60 38 70 90 87 83 1 28 36 88 65 61 57 73 2 12 62 36 72 42 25 99 92 72 91
50
70 12 66 45 17 26 56 6 95 45 45 77 98 72 64 37 36 24 45 60 77 8 73 65 79 66 89 29 57 60 71 27 23 36 23 91 62 30 97 8 75 41 37 24 12 100 60 99 76 56 58
50
4 63 82 68 41 48 56 21 4 68 92 82 90 79 4 81 92 34 29 100 60 69 36 35 32 87 94 82 14 49 39 18 63 72 85 3 19 93 23 23 12 66 4 1 45 60 33 36 45 61 35
50
56 29 22 90 12 9 35 93 22 35 83 91 97 55 28 99 73 72 73 47 83 39 51 83 35 10 16 70 6 76 57 61 57 30 50 20 90 84 13 64 18 47 54 14 1 81 64 26 4 88 72
50
86 78 74 69 12 83 36 34 88 63 42 100 71 71 49 91 61 84 3 24 1 1 29 66 2 62 81 79 65 69 50 51 46 24 71 10 58 58 43 98 20 84 97 91 6 98 81 66 81 35 41
50
34 35 70 99 88 83 32 66 47 100 68 49 97 43 19 58 100 76 100 49 48 35 98 38 41 95 70 58 27 4 99 60 90 20 11 78 54 42 43 100 93 62 49 41 4 19 99 56 47 50 4
50
94 85 53 31 25 47 100 34 26 55 84 85 44 3 47 21 8 88 16 8 32 77 8 73 81 26 23 36 72 72 91 17 56 44 47 32 42 98 66 67 52 49 4 96 4 50 68 11 90 35 70
50
21 12 29 45 44 7 67 31 30 91 21 47 98 16 93 30 58 43 47 76 94 47 31 41 2 81 61 65 70 95 34 42 6 63 87 1 21 5 31 50 95 52 96 93 19 89 74 76 31 72 4
50
76 18 34 69 20 66 29 36 87 23 69 29 81 83 67 81 3 23 12 53 18 15 48 62 33 88 87 61 70 58 16 46 27 49 14 46 67 94 33 53 16 2 33 48 36 99 29 91 22 92 95
50
91 6 94 4 90 82 42 50 3 99 65 48 25 66 13 23 32 6 55 36 74 8 69 21 96 19 49 86 40 40 80 82 97 73 37 87 6 78 36 9 76 53 8 53 70 21 75 53 78 81 88
50
51 89 56 72 36 27 20 21 18 12 52 100 8 76 88 94 82 66 82 42 93 86 49 97 55 21 23 7 99 4 94 49 44 2 20 79 28 92 51 97 3 2 96 62 77 36 56 10 1 89 51
50
45 74 52 42 28 72 64 86 22 19 31 71 14 84 42 92 63 33 42 60 87 95 7 49 72 42 56 81 94 44 84 39 69 35 32 48 58 47 33 80 18 15 50 31 99 43 23 61 76 16 20
50
14 11 27 62 34 68 69 66 14 64 49 52 32 35 35 31 45 33 63 24 50 30 25 81 28 67 55 88 94 22 60 8 84 86 21 17 5 90 35 18 53 35 21 37 70 7 67 14 40 82 89
50
89 11 13 21 90 31 75 77 25 49 36 84 32 73 4 1 30 45 35 47 98 69 20 86 90 26 4 55 17 85 95 58 47 7 78 36 38 5 65 14 53 52 97 36 25 52 36 6 97 22 4
50
46 91 23 31 32 1 86 39 69 71 33 26 69 40 56 5 29 12 21 94 16 72 90 51 48 93 39 53 89 60 57 86 2 31 68 34 83 54 24 52 24 56 29 44 47 36 100 75 47 20 20
50
62 92 61 65 39 54 3 44 94 62 52 80 16 82 47 1 17 100 24 20 75 79 100 19 26 36 18 52 82 90 72 96 81 84 60 71 37 62 66 31 75 17 62 90 51 8 90 19 60 13 38
50
34 44 37 4 69 72 74 72 6 63 95 1 95 79 60 65 15 73 83 97 47 99 58 89 1 18 30 19 77 95 56 10 38 45 66 58 68 39 29 73 1 24 25 95 2 84 11 68 56 93 65
50
55 44 74 95 44 91 24 63 67 18 70 29 7 14 94 64 82 32 93 6 84 16 31 30 69 14 92 36 22 85 52 28 80 26 22 23 68 97 85 35 67 55 15 73 20 8 37 1 91 81 7
50
26 48 89 55 16 2 98 3 75 82 55 54 61 32 27 36 99 24 72 33 90 26 99 14 98 6 50 50 48 30 56 73 29 96 79 44 50 77 47 24 10 53 30 23 84 56 10 82 79 81 67
50
20 59 65 34 56 23 35 5 22 65 13 47 93 8 77 89 57 53 87 33 15 91 62 89 74 17 98 7 48 30 25 67 88 42 52 43 64 87 100 37 3 12 83 47 19 60 35 28 64 73 60
50
78 63 73 18 88 89 67 47 88 97 71 55 84 64 58 79 27 44 78 64 46 89 98 45 59 57 79 86 21 4 97 50 18 69 68 6 10 86 52 97 82 74 3 18 38 61 96 16 56 25 31
50
54 13 29 98 23 85 28 61 57 31 9 7 49 30 26 6 39 11 57 87 45 82 42 14 19 54 61 87 9 85 69 62 49 97 11 71 34 39 83 90 21 92 48 69 21 73 26 11 36 82 49
50
80 16 90 45 86 95 5 72 4 89 41 17 37 89 80 59 22 18 42 64 38 85 11 59 57 36 84 19 71 18 67 2 33 9 46 70 3 50 42 58 90 34 27 26 74 6 36 48 75 29 11
50
64 13 73 22 21 8 58 39 78 27 6 31 11 66 76 80 68 77 73 78 66 58 4 91 32 61 79 79 35 7 41 98 72 13 72 44 73 81 83 50 7 40 81 17 5 8 96 24 85 21 1
50
50 78 56 93 9 68 71 39 2 29 79 52 52 92 75 96 64 7 30 65 13 69 97 81 25 57 28 48 41 48 1 42 26 8 34 86 76 56 25 29 85 3 80 88 46 6 35 61 12 64 78
50
76 32 26 56 8 82 84 56 22 83 8 16 60 15 49 46 90 5 22 19 41 24 50 80 22 56 15 34 19 78 11 95 62 37 2 69 70 85 76 44 20 83 59 79 98 7 76 39 63 97 57
50
55 73 7 35 94 14 49 79 84 78 90 78 91 78 80 60 99 16 35 42 87 70 100 66 19 7 41 57 21 90 14 76 62 72 62 7 37 62 85 20 39 26 50 30 55 81 41 54 96 27 95
50
35 96 95 100 66 53 92 23 25 33 36 52 94 59 13 100 47 74 37 66 65 62 67 46 69 47 86 22 95 64 68 29 12 14 80 77 66 71 99 43 4 86 94 49 96 7 1 42 32 37 60
50
96 50 26 93 18 73 78 91 19 94 59 47 5 72 26 33 90 48 32 32 3 69 77 52 65 83 4 6 67 40 65 62 41 43 55 11 67 84 53 85 29 11 31 33 35 8 66 76 55 49 59
50
10 17 35 13 33 70 16 91 36 7 7 49 99 49 55 9 15 91 62 99 19 24 81 4 10 88 21 85 95 69 95 4 37 82 68 22 51 83 12 38 89 18 86 87 67 93 48 33 83 61 84
50
53 36 64 56 46 52 76 82 98 96 77 53 85 58 20 6 60 2 69 97 42 86 34 80 4 78 79 37 60 39 20 65 75 35 20 72 38 48 53 35 95 29 87 31 38 6 36 97 59 56 45
50
52 42 31 32 97 8 10 85 20 1 56 84 27 91 55 98 28 2 50 15 49 31 1 79 68 59 67 17 69 22 13 21 15 43 52 12 3 13 96 74 65 4 57 91 94 63 88 73 17 38 87
50
65 68 40 43 87 50 9 55 18 83 68 90 97 62 93 8 64 58 56 37 22 11 45 13 4 8 100 28 76 89 67 40 8 58 34 47 7 43 1 76 25 20 66 73 82 10 33 97 67 40 86
50
89 50 82 1 5 41 52 32 16 93 50 55 100 7 89 46 65 83 99 41 59 18 58 31 99 67 63 48 34 54 33 74 3 66 74 7 7 77 91 22 21 40 29 73 99 17 70 63 51 68 3
50
9 86 12 91 36 79 6 83 64 59 67 37 62 85 62 20 91 90 10 64 11 2 92 83 100 60 52 62 10 20 17 18 57 28 61 44 58 66 27 21 24 45 57 85 29 18 5 71 60 66 35
50
70 67 26 4 18 86 7 80 95 78 96 65 34 75 25 78 33 90 56 53 65 52 62 50 33 31 6 3 90 71 37 11 90 15 14 7 100 21 38 46 98 85 62 84 60 38 61 44 27 68 96
50
92 19 9 93 51 40 98 54 29 20 42 40 61 56 5 20 7 25 57 53 75 94 14 58 53 52 18 96 30 85 43 73 55 52 17 6 91 66 11 71 38 4 62 98 60 67 17 66 43 26 70
50
17 19 36 74 23 39 43 70 68 79 12 93 34 15 9 91 57 27 53 28 64 56 41 61 67 59 30 33 2 55 54 70 73 89 44 47 27 38 16 47 17 27 91 2 94 99 44 50 77 48 29
50
40 3 70 53 70 80 82 54 81 88 7 3 60 48 46 58 74 35 73 20 3 99 10 56 92 61 99 94 89 46 22 29 1 43 33 22 23 14 75 3 1 33 5 12 80 2 69 54 89 93 25
50
91 43 87 47 35 99 97 80 87 95 1 67 95 44 99 16 66 64 42 20 16 74 77 79 54 30 99 59 70 91 83 61 34 21 59 20 19 7 99 58 1 99 24 47 94 75 14 11 38 55 83
50
6 29 11 84 34 92 83 92 62 73 26 22 6 47 32 77 65 38 75 74 91 26 50 37 71 24 51 82 13 57 16 18 37 78 54 70 69 36 61 30 60 87 3 18 85 34 94 1 24 21 75
50
14 46 24 2 16 99 4 49 11 61 16 81 97 93 86 19 62 73 79 43 32 17 46 1 1 31 95 2 6 67 76 19 12 51 73 79 49 28 28 11 40 95 43 89 88 28 7 1 100 37 43
50
84 54 88 84 6 71 30 7 76 96 34 47 59 36 19 38 36 46 17 47 38 11 41 26 50 21 32 50 20 68 93 55 21 32 91 79 2 72 85 78 20 71 24 78 6 94 67 42 91 35 40
50
28 98 32 53 47 52 84 97 72 4 41 78 76 72 68 54 26 92 91 3 11 61 78 40 18 71 59 11 61 93 2 41 90 34 93 37 85 29 85 8 32 77 86 59 100 5 13 25 48 3 27
50
58 15 56 50 84 26 8 47 39 52 48 79 42 81 23 30 18 51 66 25 34 42 62 45 41 67 57 66 14 11 44 24 77 100 73 60 77 32 6 15 83 6 45 76 86 68 57 55 70 22 80
50
56 63 41 100 56 59 56 73 25 18 16 48 94 67 72 5 44 55 63 58 89 68 55 65 5 22 21 60 91 43 39 46 57 31 97 64 90 52 36 14 21 4 13 66 70 84 71 65 38 33 75
50
78 100 29 42 4 50 15 15 92 9 53 38 17 36 34 81 25 38 16 90 10 71 2 76 41 37 46 57 26 30 31 3 29 59 45 84 8 59 99 100 67 3 89 83 38 74 15 14 63 83 3
50
73 53 4 48 45 40 45 2 17 74 32 20 54 91 64 37 50 74 87 1 92 42 41 26 31 15 41 45 29 75 99 1 27 55 100 24 46 96 25 63 69 8 82 22 50 97 11 100 70 49 52
50
61 42 93 38 73 59 78 69 87 4 67 40 31 21 91 54 19 87 30 81 55 37 62 29 87 58 39 38 79 39 89 91 81 81 28 53 91 58 73 30 61 39 69 43 12 11 96 82 97 77 62
50
4 14 75 32 100 84 22 37 14 60 77 4 92 10 83 96 100 92 68 29 53 59 49 47 22 60 95 3 56 71 64 59 84 90 42 35 73 15 23 86 75 100 41 18 9 23 14 60 15 81 41
50
19 39 89 65 60 48 59 62 56 82 77 66 65 66 60 52 90 74 74 27 48 25 67 18 85 42 31 97 56 11 37 26 50 25 42 61 25 53 75 32 34 51 97 50 69 56 1 10 30 27 37
50
29 3 55 46 40 96 28 36 3 39 72 80 40 48 22 100 72 74 26 3 7 77 52 8 97 59 9 6 88 87 94 69 41 49 66 80 96 94 15 99 84 38 30 23 86 51 74 9 24 100 12
50
82 28 63 90 24 21 50 81 61 88 75 81 28 23 98 60 18 43 26 68 78 64 98 52 49 100 78 9 76 77 20 57 56 34 98 31 7 47 11 19 86 37 51 14 59 48 25 29 43 50 48
50
20 13 97 24 13 97 1 22 24 29 93 80 84 27 30 66 85 28 76 3 14 13 5 79 23 4 3 3 46 52 3 18 17 51 41 81 99 93 2 22 21 47 54 4 25 83 21 9 10 96 63
50
75 60 67 53 35 70 7 89 68 59 91 85 27 94 77 7 92 69 61 14 41 7 19 96 31 1 16 91 62 11 53 37 23 71 89 9 40 96 97 7 6 40 43 32 33 71 90 76 91 50 41
50
31 8 59 26 90 11 41 80 73 4 84 61 78 54 49 86 94 96 34 52 53 25 47 36 9 69 26 85 60 27 77 42 35 36 68 76 46 60 56 70 15 39 30 92 93 31 29 38 78 15 41
50
83 39 39 18 48 8 95 84 67 74 60 8 60 47 27 35 45 87 90 14 53 81 96 45 25 78 25 62 55 39 54 37 78 93 7 77 52 53 60 18 26 71 77 85 18 56 20 62 42 61 27
50
46 41 74 90 65 51 15 78 6 53 84 94 82 28 52 58 79 5 17 96 30 88 24 67 57 79 86 18 72 98 96 18 39 70 59 55 72 73 85 29 78 68 23 11 95 26 69 73 30 37 20
50
12 76 43 78 84 74 15 53 45 12 49 62 2 70 21 9 41 45 93 70 74 60 44 85 6 69 5 78 99 93 49 10 21 91 39 4 64 53 57 61 16 57 22 18 26 94 26 66 91 18 87
50
64 29 30 100 34 99 56 63 49 1 11 10 21 53 48 24 69 52 32 29 67 88 2 84 13 48 61 31 38 30 17 53 58 99 5 43 49 60 57 97 12 19 58 32 72 5 8 40 56 39 20
50
22 79 21 58 91 68 18 73 57 100 90 10 57 40 14 52 88 25 8 36 37 79 93 20 50 97 79 41 4 18 12 77 96 84 86 38 4 56 11 60 55 52 21 63 91 34 14 30 11 74 65
50
99 52 57 70 53 5 49 93 60 18 56 36 65 39 22 2 42 29 64 2 83 67 22 45 9 8 59 38 70 84 54 20 87 10 89 39 66 37 83 25 6 38 13 70 76 86 24 18 14 39 71
50
96 6 44 40 14 51 50 4 72 85 57 91 71 19 80 61 84 68 43 61 74 32 73 95 8 10 18 77 23 57 99 70 14 42 61 27 45 63 82 16 47 39 7 70 9 86 82 92 5 25 52
50
30 8 76 25 67 37 94 43 59 2 93 80 15 35 41 94 79 55 75 94 53 65 52 74 73 89 56 65 94 32 68 23 39 96 99 6 32 93 100 43 94 93 22 9 79 14 2 57 20 28 2
50
73 93 6 46 65 94 1 81 39 32 49 62 71 96 12 28 27 4 27 21 50 71 95 10 49 60 63 57 80 90 11 52 82 16 49 99 9 50 79 100 33 79 61 55 74 24 82 53 28 9 25
50
29 79 19 38 80 79 100 36 10 41 46 61 23 61 9 73 22 10 51 21 95 30 33 49 55 56 31 59 35 91 84 15 21 2 52 100 32 3 36 41 44 33 53 18 94 14 90 67 75 40 39
50
69 21 71 18 76 78 100 86 65 90 69 79 62 23 31 14 54 85 1 47 28 33 99 45 78 12 34 44 87 26 34 55 98 4 24 73 34 23 11 98 64 79 28 78 1 10 91 7 95 91 53
50
22 23 3 19 53 15 4 48 53 29 82 59 27 37 83 51 70 57 61 19 73 92 47 50 92 56 40 50 50 30 2 24 4 5 42 56 71 45 56 23 26 37 33 52 73 67 54 43 24 15 13
50
96 6 59 45 49 15 84 99 16 65 52 39 20 56 80 76 78 77 31 100 2 19 85 53 91 51 58 85 74 72 98 21 29 8 17 30 22 52 28 90 16 79 28 36 87 60 63 64 36 45 16
50
37 15 100 41 5 2 98 42 28 22 39 48 2 46 17 31 20 68 58 9 84 89 88 71 27 47 85 90 34 81 57 22 95 8 14 51 10 64 92 37 85 82 36 38 80 52 69 51 20 78 11
50
55 66 98 77 44 97 13 34 82 45 42 4 39 50 17 41 11 32 33 99 68 66 86 6 97 38 74 47 9 51 9 15 69 7 43 12 55 55 97 36 99 91 39 89 92 8 29 2 39 13 52
50
7 31 37 64 27 26 37 74 34 39 82 100 59 40 42 23 46 48 71 82 98 61 72 86 4 31 67 5 22 79 8 80 9 45 43 88 70 79 13 56 69 46 7 28 86 1 2 31 48 72 64
50
98 85 36 35 88 66 1 45 87 32 52 66 92 48 60 31 18 90 43 25 59 89 31 38 26 83 39 8 83 62 24 80 46 59 66 86 76 19 30 15 50 33 32 93 81 92 76 50 81 18 26
50
39 58 8 28 83 91 66 43 73 28 66 4 25 76 69 10 51 87 91 65 88 76 49 33 8 40 8 57 72 25 34 11 83 41 90 17 31 8 59 55 87 76 58 11 51 79 73 2 65 15 18
50
53 90 66 85 97 57 92 5 29 68 90 91 2 31 80 19 13 87 29 20 73 5 77 36 55 7 60 8 72 74 78 76 16 95 12 64 52 55 21 32 22 10 74 76 40 5 94 5 44 74 24
50
16 78 52 3 85 59 62 92 82 88 21 57 55 16 20 18 19 74 38 50 47 100 23 22 91 27 67 95 22 41 70 38 70 22 92 54 32 6 98 13 45 18 21 99 33 92 16 3 65 6 52
50
63 57 26 37 47 5 3 42 26 95 11 15 65 84 59 18 15 64 67 79 8 85 51 6 69 42 73 72 58 30 75 21 86 53 9 33 57 11 26 34 58 88 49 22 72 59 91 38 22 10 17
50
81 94 67 38 14 61 10 37 18 92 12 38 77 64 46 9 72 9 86 5 66 74 5 39 45 63 81 34 36 90 50 16 35 69 5 49 29 15 37 98 6 48 36 34 63 33 95 86 93 80 43
50
10 53 47 100 49 62 81 35 49 70 84 17 5 4 21 5 84 87 41 82 92 41 69 78 55 53 72 41 98 3 83 7 56 81 7 56 42 87 90 43 8 26 59 64 81 79 20 17 66 13 98
50
9 53 18 86 7 22 9 99 19 12 33 26 19 14 84 74 7 22 16 49 29 93 7 45 73 38 64 41 3 76 38 63 80 7 1 39 29 9 37 47 20 70 24 38 35 7 64 41 28 31 42
50
9 75 100 53 99 37 68 40 91 96 29 54 75 36 54 65 16 14 54 62 34 75 38 23 9 44 38 1 24 20 42 32 94 42 36 93 78 55 32 21 50 60 74 77 47 79 41 62 92 94 76
50
77 68 13 100 76 56 89 77 79 9 70 62 2 11 49 94 41 4 77 13 53 37 86 29 83 16 22 97 7 15 72 36 83 84 35 10 39 75 38 70 83 8 83 37 70 32 82 62 35 59 74
50
39 47 11 20 81 26 41 77 85 55 48 20 89 31 6 99 22 80 36 43 15 95 25 3 65 8 84 26 94 94 52 33 40 62 4 73 88 44 49 72 50 49 91 39 31 48 89 4 27 24 46
50
93 71 23 95 87 82 31 64 76 24 15 60 16 77 63 88 64 58 88 87 7 36 29 97 67 76 85 22 54 61 68 47 31 42 41 17 75 71 80 50 47 95 61 62 71 75 49 86 32 36 24
50
91 24 52 87 42 27 72 63 32 32 82 78 14 75 71 30 50 41 9 51 87 55 12 100 77 86 48 14 70 36 37 12 59 40 98 52 18 21 14 50 4 48 27 17 22 97 46 71 90 7 22
50
28 13 85 28 90 22 27 3 91 62 92 2 72 31 52 23 49 72 89 98 76 36 76 92 57 73 90 80 14 48 1 41 60 37 68 49 58 95 4 1 8 95 54 32 25 5 6 25 29 94 74
50
56 81 50 99 90 74 88 69 87 35 21 27 95 57 95 95 66 41 98 66 48 44 20 79 21 24 37 45 4 30 71 59 63 20 58 52 93 97 72 79 32 92 57 78 100 3 24 65 43 22 31
50
43 17 2 73 37 77 9 34 81 91 4 39 53 23 48 4 67 45 75 97 28 18 53 5 17 56 28 33 50 1 15 44 18 16 17 6 45 77 39 25 67 94 15 71 16 63 74 34 59 100 30
50
86 69 83 90 37 90 69 70 39 70 36 83 39 4 51 44 48 27 35 24 46 28 38 16 96 52 42 29 10 93 59 47 62 93 36 98 34 57 19 24 26 7 58 16 10 8 59 9 87 93 32
50
84 21 21 99 16 25 92 96 86 85 6 33 98 98 68 47 83 76 18 7 1 24 64 16 85 24 27 93 10 71 76 45 43 96 43 10 20 87 6 58 71 11 90 20 61 9 66 43 85 83 49
50
37 6 65 53 90 88 31 34 49 53 9 93 96 5 87 5 76 73 62 33 95 73 22 14 85 31 80 27 67 62 28 3 20 44 7 61 31 37 95 31 90 3 75 37 7 61 41 35 86 3 19
50
80 27 41 94 11 23 73 89 89 86 68 43 5 11 50 66 93 86 60 23 27 14 97 63 21 10 56 7 95 10 25 74 88 17 19 50 91 91 38 31 29 58 74 33 68 23 50 61 60 61 35
50
39 75 84 1 47 93 8 53 39 17 29 64 56 46 83 5 36 25 43 67 53 52 40 38 19 14 39 31 73 100 66 11 26 1 64 72 93 71 76 83 40 4 46 47 1 80 52 89 5 46 55
50
9 97 46 46 15 11 85 46 83 36 63 46 61 63 9 84 7 31 11 41 22 14 86 69 67 18 72 55 74 17 61 82 13 58 80 79 68 16 76 2 51 38 47 63 52 7 98 58 90 8 98
50
11 73 36 31 39 5 2 45 78 70 5 59 82 14 90 13 81 5 88 35 7 78 81 69 29 88 18 39 77 25 88 39 98 75 70 88 79 23 33 56 93 89 67 26 3 56 38 35 61 26 69
50
19 55 2 40 83 89 57 21 17 82 61 7 31 35 28 70 14 51 2 69 95 43 87 20 97 43 10 31 55 87 52 73 41 53 12 23 93 21 96 61 54 56 67 84 90 95 53 3 97 7 24
50
91 49 62 62 45 56 23 27 10 9 30 35 49 82 98 24 26 18 19 38 71 26 57 6 67 51 11 70 99 17 45 41 17 6 2 13 62 77 39 23 85 21 9 34 54 7 9 80 76 27 69
50
99 4 25 56 70 75 66 91 25 34 87 65 2 45 19 14 58 95 5 80 79 25 41 64 78 47 72 9 74 50 78 72 53 2 28 75 29 45 65 5 31 52 70 32 96 40 46 53 34 2 84
50
64 78 24 80 55 22 51 64 96 53 93 19 5 46 98 31 26 43 96 31 73 47 100 56 94 39 53 46 24 54 81 87 31 5 66 38 26 69 53 73 21 45 92 77 90 89 8 16 83 55 46
50
7 1 97 63 46 87 15 43 10 21 23 48 3 27 14 40 5 34 92 77 54 88 20 82 30 61 41 97 43 95 94 2 47 90 64 92 76 30 34 37 2 9 84 5 87 49 96 91 82 88 20
50
87 27 91 21 56 51 61 52 94 56 97 47 2 86 10 46 13 91 79 1 93 39 85 49 26 33 44 68 67 31 39 5 10 30 25 65 80 86 69 25 41 65 71 94 3 32 39 67 23 70 68
50
67 8 4 15 85 88 58 53 6 41 91 11 50 72 35 66 52 20 86 76 12 3 99 58 57 30 48 75 4 17 42 22 77 97 36 13 85 46 65 42 38 8 52 39 79 87 4 82 58 42 10
50
22 96 8 31 52 89 78 26 93 95 20 14 23 16 2 35 52 47 52 94 84 11 97 22 41 35 77 23 93 70 32 66 65 91 96 16 79 73 94 23 19 13 89 93 80 90 28 84 88 31 29
50
71 41 25 44 81 60 72 55 4 94 38 21 58 80 16 26 59 40 19 33 59 83 21 51 14 10 30 97 97 60 77 19 52 54 14 85 65 38 39 68 31 29 88 88 8 55 13 18 94 83 51
50
4 65 23 55 31 33 36 27 81 96 56 52 47 9 17 83 73 54 74 40 84 2 79 24 61 85 88 31 78 71 33 82 87 55 88 69 39 23 96 20 70 51 23 69 11 39 51 83 93 24 74
50
28 77 52 51 90 88 91 20 65 61 52 98 99 58 85 68 97 60 15 68 81 17 90 49 27 80 52 9 72 27 34 52 4 37 2 45 24 92 16 88 4 67 38 55 76 22 74 72 33 40 39
50
14 8 80 62 34 60 65 94 83 92 79 34 47 15 88 91 38 31 6 77 87 24 14 93 99 36 66 23 20 57 13 33 64 93 47 49 4 11 94 86 54 72 72 100 86 59 42 23 41 47 99
50
27 22 65 19 73 100 36 95 71 44 59 56 59 3 2 7 6 64 100 44 70 23 67 69 8 25 63 82 17 61 33 44 83 97 14 7 48 2 1 18 45 11 73 4 14 26 62 71 42 14 14
50
63 36 80 31 44 56 93 77 73 54 9 68 88 57 33 94 4 34 46 74 31 56 98 86 21 76 47 92 69 60 57 31 96 89 61 91 44 6 19 68 11 28 87 50 84 20 95 40 5 40 13
50
35 47 62 72 68 37 19 11 5 30 19 35 77 7 48 19 3 5 38 22 67 17 9 16 52 80 10 91 84 1 55 71 47 17 42 66 53 12 28 58 94 47 44 22 53 91 41 7 95 30 29
50
61 46 89 28 97 68 37 40 3 37 94 73 36 10 67 53 63 30 81 72 75 79 67 97 31 58 89 90 4 70 18 17 15 6 44 63 25 33 2 27 21 96 52 56 57 70 9 19 51 41 42
50
26 19 9 74 1 18 14 90 21 83 59 89 49 16 33 63 40 17 65 67 37 12 70 93 68 39 53 39 89 45 80 66 15 40 39 15 9 4 57 82 38 67 70 86 83 54 1 22 70 65 40
50
7 28 9 51 95 47 55 33 88 99 65 53 13 56 44 79 65 47 87 46 85 54 15 22 88 69 22 9 38 38 49 96 65 57 46 60 56 100 44 43 50 8 95 14 16 90 93 80 37 31 25
50
73 36 91 46 23 11 20 32 49 57 32 96 74 40 42 85 95 93 80 89 43 40 36 56 55 25 100 34 61 31 10 85 66 100 31 89 63 2 72 11 10 3 58 83 94 99 19 89 92 99 29
50
34 38 64 41 92 89 41 77 49 71 86 86 88 37 68 28 99 69 99 61 30 53 19 13 47 69 83 87 12 81 15 97 70 79 38 61 19 78 89 19 100 74 4 87 63 71 15 13 91 65 74
50
21 70 44 85 68 64 19 54 76 100 20 72 21 50 61 34 68 38 22 87 89 48 42 76 10 65 42 74 7 6 99 27 27 42 63 94 58 82 99 33 33 19 56 53 20 69 86 40 58 8 78
50
47 55 19 74 16 83 15 89 90 72 40 68 99 33 83 92 90 64 43 74 96 61 82 100 32 50 86 71 7 45 48 53 51 67 78 66 1 92 6 42 16 45 62 66 78 44 9 19 7 51 93
50
54 63 74 5 95 23 90 65 81 86 13 86 36 31 63 53 83 7 11 25 22 7 86 39 36 81 47 55 39 98 47 44 60 72 48 54 46 38 71 26 75 35 11 11 65 74 63 47 80 25 23
50
53 32 60 91 67 40 89 73 30 86 71 73 98 42 21 3 87 10 73 65 84 7 75 46 71 100 61 70 31 85 44 35 16 4 25 35 95 66 59 25 51 30 49 100 23 69 3 62 78 75 26
50
14 82 52 59 4 52 19 25 34 4 69 69 71 24 45 57 70 10 16 46 13 97 95 12 71 15 14 32 45 41 9 58 22 13 68 77 16 87 54 49 42 74 69 64 97 14 21 18 75 88 16
50
39 84 62 51 54 76 16 38 20 56 98 29 29 10 97 6 25 35 59 26 76 32 94 39 80 59 11 49 34 98 64 72 33 25 74 39 53 90 76 24 45 73 5 74 35 53 31 59 87 41 84
50
14 24 30 4 55 88 15 3 73 64 19 45 97 95 70 35 47 59 62 23 4 86 27 29 72 79 59 31 17 99 66 82 22 47 85 28 35 51 30 7 15 48 3 63 95 73 49 93 83 62 15
50
38 47 93 66 19 23 76 1 39 26 18 72 99 65 57 26 51 59 56 9 25 55 12 87 49 36 87 94 18 48 8 56 47 1 73 17 75 49 17 14 74 86 85 73 2 93 98 52 52 5 61
50
76 12 24 15 12 59 53 5 28 1 65 35 99 65 8 15 39 8 83 4 33 68 41 57 22 33 7 73 36 11 85 64 74 8 30 86 18 82 90 46 34 54 32 32 70 39 98 61 98 80 16
50
31 100 56 87 21 41 93 45 28 56 30 91 29 89 72 14 7 6 56 4 39 61 35 23 31 26 20 43 23 52 58 5 3 66 92 23 6 36 19 85 91 100 76 20 89 99 85 47 4 40 50
50
95 1 36 17 83 61 88 77 36 39 34 40 41 99 83 15 56 19 86 41 9 85 68 28 73 66 65 71 22 4 20 16 56 8 32 90 68 19 66 55 10 52 95 50 2 77 17 10 95 2 50
50
56 86 69 35 11 86 99 81 59 55 53 74 62 60 57 52 79 28 69 34 37 72 28 38 74 56 6 83 3 7 84 58 45 4 44 55 41 43 87 100 97 39 73 10 50 30 13 29 9 82 62
50
45 53 41 34 78 48 40 60 2 46 95 11 42 98 55 48 39 97 35 38 45 25 62 54 75 43 67 55 51 100 68 47 4 60 81 82 7 20 93 61 17 88 71 59 37 25 6 27 21 92 16
50
17 69 78 23 95 72 41 49 23 40 68 69 43 27 49 76 85 20 69 45 89 56 16 99 44 40 4 71 13 48 38 29 16 67 3 10 39 43 10 13 34 77 81 29 3 82 4 87 53 72 32
50
41 79 47 39 23 38 95 45 50 94 34 31 9 1 33 70 91 76 79 3 9 55 35 37 57 16 41 95 21 64 78 61 43 76 52 17 14 98 13 63 91 46 93 51 98 26 20 88 53 98 90
50
61 4 25 50 12 92 42 6 12 5 84 25 99 59 28 67 24 25 79 87 67 77 31 17 74 8 36 62 60 85 51 73 88 27 74 99 19 15 56 82 71 91 6 22 2 85 88 25 9 19 63
50
27 95 94 43 20 53 30 81 13 66 84 37 53 10 10 3 80 24 59 62 46 1 19 67 2 4 7 27 64 25 41 43 71 86 37 90 39 67 23 3 84 6 39 89 67 48 91 47 23 1 60
50
68 2 30 87 55 33 45 33 49 21 74 91 91 59 27 32 49 45 54 51 29 11 89 17 30 88 59 28 10 12 87 30 13 16 68 19 1 12 52 1 32 25 43 74 35 69 57 84 66 11 34
50
94 73 75 62 2 62 20 29 24 31 67 53 95 35 72 14 35 83 17 87 66 93 29 39 27 49 95 10 14 57 96 59 82 70 20 83 83 92 64 6 74 82 10 21 16 81 86 2 63 2 88
50
28 94 16 18 72 65 13 82 30 21 29 89 2 98 60 37 80 3 52 38 77 33 47 49 49 28 34 50 42 87 90 22 32 5 39 3 21 3 36 51 76 64 91 77 13 50 65 45 53 68 82
50
81 1 28 29 1 7 14 50 49 100 39 70 31 96 60 85 68 15 21 70 90 84 12 18 49 62 83 93 66 2 74 98 2 53 26 2 60 91 4 60 42 94 29 72 41 40 8 9 54 28 30
50
43 64 42 13 12 55 47 4 72 48 77 69 50 81 46 3 40 88 6 99 29 100 79 52 92 71 59 52 24 87 82 19 2 75 31 13 81 77 16 4 24 44 72 25 24 69 28 16 8 33 66
50
36 84 97 87 76 67 45 79 90 83 60 60 84 86 42 96 66 18 63 21 94 58 44 70 34 12 97 49 19 82 66 6 17 62 92 44 28 89 23 70 71 34 29 7 20 71 54 37 40 17 58
50
85 26 1 55 59 65 51 59 35 84 25 41 1 38 84 44 66 72 66 87 95 100 15 1 71 37 54 7 29 22 16 13 100 17 67 58 33 70 69 67 53 45 7 5 82 91 1 99 14 18 85
50
8 69 52 60 39 40 66 98 68 87 13 33 38 81 51 96 13 72 64 80 25 60 38 81 41 80 81 92 94 99 76 1 67 79 61 58 19 78 55 38 16 19 70 54 52 73 49 64 44 64 95
50
68 23 33 1 15 12 81 6 57 31 34 58 50 12 70 7 82 47 13 20 62 83 41 15 34 13 15 50 57 30 96 76 4 28 76 71 92 9 76 100 39 61 57 40 73 78 98 54 76 62 25
50
90 45 66 56 30 78 23 31 34 52 27 10 56 6 37 26 49 45 53 49 36 14 57 75 38 35 73 43 62 34 68 51 30 33 59 12 10 81 42 96 32 20 5 39 26 41 16 74 38 69 74
50
73 34 31 47 23 17 71 65 78 57 84 81 38 16 39 49 78 19 43 73 50 14 29 89 91 21 56 17 58 76 90 82 9 20 29 83 36 51 100 66 59 83 46 97 51 84 97 80 2 91 4
50
3 5 32 43 95 4 99 11 62 74 1 95 35 72 23 17 60 26 16 25 84 51 70 80 1 53 29 32 6 19 35 8 75 66 51 70 21 1 32 34 74 84 29 60 56 3 77 67 28 44 91
50
12 46 12 43 98 16 23 29 21 42 63 80 16 80 82 37 1 82 69 34 8 4 62 67 59 65 95 77 44 39 67 7 36 78 2 34 93 24 62 65 65 25 45 33 4 26 69 4 8 37 90
50
67 41 51 33 51 67 28 80 11 18 46 17 53 76 18 86 20 42 100 85 58 24 81 90 79 6 59 35 65 47 24 31 39 26 16 42 93 43 21 55 60 18 71 64 93 41 50 13 34 49 49
50
91 24 29 81 2 86 91 88 3 37 11 85 28 37 100 69 81 42 41 35 53 58 57 17 3 97 18 67 82 18 15 73 41 95 5 94 80 95 82 82 83 44 19 62 32 18 30 12 12 22 46
50
64 80 3 32 82 51 49 48 33 18 14 57 10 8 61 4 39 7 37 73 41 32 91 3 64 8 84 75 71 6 73 35 37 75 18 70 77 19 69 61 36 34 17 46 41 29 1 31 87 89 3
50
28 20 45 82 83 5 17 58 75 74 82 61 10 56 79 31 84 49 99 45 36 84 13 81 24 42 33 7 28 21 9 7 93 6 40 75 10 57 84 84 30 65 97 92 72 27 74 8 75 25 52
50
10 8 64 43 32 57 75 90 85 48 98 43 92 55 83 66 64 91 2 100 20 18 96 63 42 74 37 49 48 61 52 9 68 15 51 51 24 78 92 60 77 90 2 68 96 36 85 60 26 38 11
50
46 56 6 60 49 31 48 97 78 60 48 38 80 14 89 30 37 18 22 96 46 63 50 13 10 85 49 69 11 87 79 8 94 36 67 42 18 67 90 95 26 89 33 5 54 73 87 43 42 60 38
50
87 74 39 51 83 24 99 52 34 37 82 93 82 70 11 75 87 77 64 34 3 4 18 59 58 42 45 100 35 4 89 21 77 28 23 12 51 21 15 36 10 96 80 91 17 90 66 56 67 81 41
50
21 85 58 79 94 51 76 93 85 31 33 57 60 60 79 71 62 51 85 49 12 32 28 3 49 18 20 56 36 52 96 8 88 5 38 81 7 65 25 91 96 58 99 55 17 29 25 31 79 9 79
50
91 40 7 45 40 76 64 47 63 67 94 22 55 98 59 35 56 24 60 98 19 17 96 25 85 24 49 15 55 9 94 45 48 52 41 40 79 56 38 93 22 32 14 76 81 72 63 37 47 22 34
50
17 90 30 41 26 5 41 41 59 49 86 55 49 89 95 40 67 50 77 59 24 8 24 99 89 47 61 25 94 34 58 62 75 39 3 1 44 95 93 54 44 78 9 92 18 55 83 36 5 59 94
