443676
59401
90399
139758
155115
679456
688394
131430
14700
336447
174284
208048
120597
72492
44062
237012
83097
147072
708864
343950
87221
1072872
202737
79412
486206
464896
407766
150624
105915
377619
327174
96030
179578
266976
352198
555814
271480
80913
542518
51853
1600074
196038
378476
290556
276615
79751
702700
168590
326051
72606
383758
75312
286386
48831
238230
314118
285312
43072
544320
384352
343686
87907
251537
90873
427988
242180
74504
1228640
196748
771030
221862
294942
273516
129900
436852
705807
361797
169842
104622
207996
482800
370104
123822
793266
410116
502830
41934
66497
83274
477456
73304
195690
230223
332943
335332
101988
79955
70116
1588650
322908
628945
266226
266526
270888
135956
90440
222142
147121
115292
276852
665445
151088
94237
125839
271448
154256
120874
772155
108628
140646
311140
93070
456309
321532
253286
119447
112367
165137
221396
126717
209728
622128
186784
384681
110900
110594
90861
511220
566433
748820
133158
944930
127666
128159
224804
143472
107542
261580
748229
628795
119121
103737
98793
249868
881435
267160
746155
112529
277890
300285
217262
136778
246038
257350
1003662
1178994
454209
97306
476016
284886
84375
108035
111313
801180
927042
892720
433713
134437
262422
696922
88961
119126
136636
103953
341295
276460
457832
1583448
162309
249412
269020
129242
112153
113469
472188
205158
292332
102218
347040
366474
289110
492564
133181
272618
131056
453366
243440
138252
104851
157855
148018
207800
769686
621928
368199
411180
113469
341990
401612
210468
279536
421647
912786
119806
196012
105364
128269
606290
648196
504388
245528
87117
135239
139374
361652
145637
166875
117863
848142
124539
122797
517520
1372046
713742
625232
94849
290880
186940
421512
176510
965676
218932
475120
714545
219854
246634
670835
129446
696224
142895
247578
245932
296186
730165
128503
114568
377709
130614
298752
330060
125049
644030
239012
126697
275296
901674
112373
310410
96214
96888
105821
133217
90200
119323
112715
96694
179158
132482
140135
524892
121716
261886
302266
120286
145919
556253
121453
131812
596340
462039
800136
440124
468024
397665
100735
107088
355380
131189
450188
107034
442540
349938
268642
96323
321202
255980
96581
131940
688260
357393
130371
437430
282405
347202
366818
94026
318453
306074
731365
252144
156231
254368
142702
415164
294162
228120
236784
131523
502023
397575
294702
151306
124556
119005
516385
147802
836142
131864
130433
163986
697928
366747
125033
248324
382209
138911
931133
500875
101520
117272
151236
135212
114757
248156
380268
525150
662682
193324
123567
130489
235576
1138417
166070
379863
517900
296530
113340
128365
126151
241196
436587
469304
230894
123306
168807
120988
106858
237670
270654
744822
592684
191248
113032
677456
423038
137536
418881
966133
84970
141833
524344
936141
775670
239594
93443
536488
217346
519652
307038
130828
213138
136285
206996
267506
236680
242806
119417
147957
249382
234416
323469
310833
571132
408546
62318
150513
262946
330258
1197385
465192
131143
538080
88031
489188
132864
305973
680690
114687
220498
248366
251156
190086
244454
765270
132891
128960
331185
307402
498376
280750
284646
651344
100274
598744
87557
257732
119318
1010716
330690
694396
800604
161773
615375
441072
402492
623225
384210
120382
100238
366912
110211
427977
251608
311754
141724
243830
100890
98067
277848
219620
115200
228624
959904
120765
168973
115498
491280
302520
87610
101642
703176
257564
86829
618451
300558
640295
436725
415497
888592
140091
0.126812
