100
3 939
2 60
3 333
2 81
3 641
2 62
2 84
3 271
4 843
3 746
4 2628
4 619
4 3003
3 152
4 244
2 54
4 3166
1 3
2 29
2 85
3 438
4 1569
1 2
1 4
4 435
2 61
1 5
2 88
4 7329
1 5
1 4
4 3738
2 32
2 20
3 352
1 5
1 6
1 5
3 209
4 321
2 71
3 227
4 360
3 694
3 281
4 922
3 10
2 33
1 1
1 8
1 9
2 6
3 854
2 93
1 1
3 155
1 6
1 2
1 4
3 644
2 48
1 1
4 7190
1 3
2 86
1 8
2 55
2 72
4 6539
3 120
4 7508
3 581
1 3
1 5
3 90
1 8
3 431
3 385
2 55
4 2278
3 368
2 64
1 5
1 2
4 4925
3 346
3 830
3 642
2 34
2 60
4 2419
2 58
4 5893
4 4100
3 861
3 24
1 8
1 4
2 58
2 99
