10000
147150643
429078883
861776437
496139289
411217715
2799291
59113082
448114505
278728662
469963692
603467718
402040508
938624917
629675273
212969974
22142830
280790946
324900475
162512786
819880407
107205216
738719853
741679075
258902151
325752960
581450921
461271022
510869683
982607393
206004760
260304462
982274387
487599995
974597250
330930028
898817709
829912892
242559461
199448566
108641554
712523153
802916283
363198413
503664421
285107907
576168386
378323602
565898852
901068860
540836388
238295610
860790427
132072592
832491036
119692577
457825552
266458308
433479950
968695234
249065700
639484710
81516047
83856439
127084704
56113296
414786466
878418764
886026187
657345926
77867329
847184092
369869078
733299963
62898856
873533498
870924221
491583593
104373452
289339424
245168805
645209839
527635033
105959231
777282430
212642421
78168160
87624333
479100728
364164461
56319566
728166428
3649170
137835612
812022866
983250225
46465259
79325683
714185341
932491446
736671608
644569021
632191889
106540686
230385336
547607097
832590535
101309556
39190689
936963986
243165332
284359493
434690176
770800364
242835076
64488958
983442784
173519587
152113290
315059864
537684047
60949208
43226291
393849569
198784819
707765508
229616145
245250078
787091190
796317837
30257875
376279149
293403210
514966115
335336186
523788545
62573211
20443073
477614452
101763900
957407058
720779783
238639744
244613586
344096499
333991171
161618895
180055634
507510757
313732184
495115497
897711156
374681391
390858139
144077076
425982562
951139998
373693220
671232639
590747539
22527409
554006865
967026688
315930618
68972979
302362873
839719162
131546190
322805945
169849965
85826441
132729355
743146100
176982536
229859292
87242598
510973707
391478186
119814583
871000815
705210369
467446432
768711970
932408112
858304570
912789045
358390673
661960920
138998617
882139663
252708458
161526025
436146527
72251497
477456642
357635857
374614370
169692155
341698398
549936666
192058471
280041190
682666020
935204570
457023726
912525311
874963519
820513784
156519848
994778102
691514598
861730217
314740885
312742920
646654680
25561806
78048316
5045352
687522725
69563284
739701366
940231183
231089308
28364244
12482679
561062301
386000100
239613400
730754455
727698498
789550066
922812926
7739687
324732437
710533847
317279764
89774100
585497366
137793547
246293947
432791819
681824497
960540515
747532703
994567416
607195194
773094508
925132083
464756897
313133585
994695367
56974614
105881119
78301026
85338857
118363797
639363327
471338957
210493549
222634133
199037454
852559966
145447058
59293492
29808754
708497257
376573256
119582853
146510974
514366802
218393152
579302792
48707650
178933666
179351846
43275065
638645212
804962705
820923500
103402108
118096289
815618866
12893074
223977407
893919891
98231930
194857556
385799569
569570886
257867456
608433702
768608339
110427421
606397111
827901831
140236174
314894367
56991438
112335379
461405340
571358239
330728530
893224483
620065889
509662195
72576328
515857305
823758
730055385
189297156
104225866
848151673
4916021
117118939
924645432
751352264
67867220
119502987
137151832
637438106
229886794
598101885
258562796
340314214
204498996
86464626
333066739
371909714
143456063
445402117
833315054
567330654
776130646
579055888
39912894
138309193
504148568
408286550
139132950
234203952
597583706
95875167
934871976
455016078
65510457
859517407
58884693
133377677
831536745
48552877
770815782
61423538
646654761
29378577
254254103
851153756
968359555
587320842
75579822
964331969
32722958
908894875
384178974
661369956
340467114
424091867
799679148
844615681
832378417
938812097
78819632
282478474
34687264
866207960
737494551
100197720
578241718
796379244
233575396
262294815
844932120
4391177
176234704
491586880
886286106
430488807
195256988
854645660
870326000
270836809
671493980
755565309
32248035
55672954
416935264
372715148
332281172
69130763
69847181
17175940
7942860
1183164
299654413
42630123
867391123
37148964
995344194
445632841
833528207
81435942
707927655
530976678
85827118
884162358
22563557
824629575
167167516
70336896
531791586
37493515
193690056
203285566
645575176
225938090
111474871
62510439
451169590
443756042
131641202
521016770
460931982
992100413
522199933
760586394
887246887
389591056
797735357
882591080
687740248
483779915
964027021
248184254
14756592
902370491
132346611
889836501
579516417
152030479
812689748
111308003
42040345
6379804
167109920
687615520
84834245
278584790
602642311
536003834
722340831
586799864
57020603
183272812
431416628
579220536
943859206
318663514
821327943
594110914
53770945
509068190
930407181
870314318
757252443
797680124
625201160
742115405
540032976
204717576
746662235
352722724
168541930
788702580
211618879
335651849
328834451
296453123
614236638
783993113
832456957
336577469
223309328
889477559
372366632
654725955
321214446
168742189
973389468
142542388
762853103
879676765
504126929
545776635
749991082
113895723
343456758
227708593
708527480
883489734
432426168
455189714
88728809
600968098
96408645
300347687
936619946
277759448
596800809
403372936
61752560
281774117
739950404
285061888
23768028
112317035
939787842
344982473
133575576
765693662
340041213
896428678
497886778
696684493
294721664
100394211
810580216
638178421
328102803
371624047
374184506
760528970
826813760
315429666
214013419
775738757
615777352
3149717
53498204
65094513
406522652
115250763
346868629
998989407
252829002
370636656
963822793
45133196
568135481
97398368
663343209
908176693
846343397
161229986
457377537
141065060
261624196
120474104
631759833
589726998
492098150
5944338
202772319
171428262
173890356
269302090
947167018
789667707
272451806
665221
707278571
531490809
968432335
54147200
530480215
73777689
277300207
346819359
118910884
845435687
444217727
634770444
606128731
143077475
796000429
63506268
284142535
910140976
36496723
915902367
352384325
528594873
774363056
555156643
700023134
948253411
824458732
647190151
590437470
949426889
500371723
150232392
480917697
321320409
56895943
863914263
247614449
334196150
210733622
219041684
32148188
507467700
853812127
490793271
650545174
502328907
406815890
934687708
412469882
443312612
703106426
764854206
971907484
329985834
172527201
671930617
130755596
849502284
171637119
573709417
798929173
524525193
723941809
132363221
845845602
780837751
996277484
93460050
115033900
59527457
165018086
999698440
566995156
18830212
490491710
70056681
521159119
897307599
4744389
786145352
193136562
560367166
403515910
165044046
742869351
576043110
689491014
873624947
278061745
861128133
299850715
76990917
238169677
23792523
61870490
84015278
804630274
910664325
29991680
772180525
970191781
47526117
624395316
389703288
66356328
114887025
459759968
440031798
864710975
317020708
226177150
57847537
729904226
629693059
75407934
472773576
58252520
764898947
198914874
336314264
478543431
498765589
265821533
716713108
375074463
180208374
653244737
32221088
90872698
535752768
804401613
913580830
583278884
281313280
155800469
502151564
248716657
615560436
942183361
113427631
785097496
20876862
23791519
515001721
650569920
951715804
840291648
561338791
569131103
39206522
897653055
47674533
390488462
15990939
616903992
765562924
196199312
122665081
797784012
139588361
510934200
454701976
53169190
94213084
736015255
208969658
448880999
984731911
677046445
391064359
950675894
462143940
411941221
826983764
829662012
915027492
631215920
669953660
476366283
200347022
561676533
226535689
100537906
804681346
95042979
569958250
422760621
291242290
692623330
73060984
430830650
56073881
527762959
336516191
2803316
116294566
545485848
451684314
953542828
75048644
842748673
756735073
537192584
107206245
436235189
219370947
22233736
67451108
889324606
351116370
120314481
303517490
430168410
220852386
108198835
525211388
790810635
383475808
816453677
335950316
456536791
99800678
392024197
984299750
436316868
394827512
953110667
834319067
846511826
906653494
909367711
541776850
515904919
299076646
501499446
952140107
518447592
376249533
19591214
260288550
727365903
139905694
563806039
10050664
213274431
524521226
535262052
856601418
907997033
204232080
45068085
217050175
304032758
437092281
53866276
592865977
684436145
6976942
427185044
383464322
766146788
189069106
925241171
282051706
488145751
279256968
86708164
6593342
655506500
106299377
266881891
235388754
98721422
683204282
245439418
164512204
60241859
780701469
21113621
968238891
984933548
66181706
37805417
141482657
355790338
91671693
734348634
40226482
98648634
14050029
276207155
864795421
203119134
53964677
999363478
691264884
333221644
86071641
697858225
988728144
44887369
817256468
224116897
996125142
500460749
469556314
13153698
560702607
102774134
34267318
381457849
87707682
952965375
419263265
229190338
161272065
510934957
963538971
54014898
462099943
977588999
330222053
179411715
33224484
384186729
178775193
724489367
717408373
117363185
274863944
558652868
162250554
92120411
782769764
10892047
445097511
104842430
24045744
5800117
207616563
58313062
239774317
147840596
863794788
511553933
377030934
877583204
22488890
193086256
931598102
337105184
23191607
114336506
516516898
56416090
351039586
695292090
780905457
68447958
812655275
55769400
479617177
827422180
406162
114903293
838314226
445503672
219745722
862359970
303820140
279878636
773189383
396110808
427719232
489500522
907664740
804750165
367083726
782669981
850352772
151198179
119775164
873544378
118051036
636292062
782476820
469090621
184100503
415898628
390054931
849272129
324184379
869672107
676694308
324590540
984575399
367524886
622610563
56837472
229884855
926430702
336716108
3074237
175057861
764435339
345091110
82722600
421701855
712174835
865392581
272054626
715889365
837684096
998115356
833940400
326492509
780592175
303031021
510593012
49007154
693085951
212381492
373191532
415274409
889075800
697782071
399849808
109117037
172908985
456687279
339001891
99339686
793403386
194592479
126913898
410355076
539683588
209636497
832056930
104374775
927545429
104111556
820264139
765229525
954743263
506720891
91722033
587851789
809751911
454831396
636858942
355354213
667212888
10050473
770628621
408805039
560348895
22994780
517922075
733257879
332198411
709440317
685113916
125601796
904032795
812027813
388473224
296232734
21664309
220530153
253123860
801726090
177158060
73387999
419471966
131901322
432625241
363710350
572269462
94893503
818541746
209128403
450247715
338270985
71695227
73392687
599592375
632044121
96387467
117514449
365301999
281102229
679471117
50415914
259220376
436020263
714960078
647693599
732252996
589140739
868223752
985376856
390866828
897898163
911281206
810338793
882315837
196422798
26565494
454585298
291316300
845107239
516230053
741564014
35894575
587925279
667473052
635486949
219969400
616376870
605517749
437787750
897479098
137505217
340720016
156699474
573525479
55680093
804393072
158294827
644820831
525133175
143671682
888204010
275547690
907469239
551059154
157863526
103892036
577624648
464965175
247724687
275248238
981195227
989288700
311142813
569120506
509278103
799146113
641606257
125654973
257180214
79394006
23134070
394685430
420114021
32349895
968210909
328310466
689259319
126505735
973131296
66908845
122693768
713851658
342456534
882679358
264910811
500320059
839087745
842535458
965285234
86812431
117783696
798996812
928617482
281442860
220633669
437895584
80588972
862239925
416066908
190285537
941633931
291717330
584970967
214264303
324067224
553181875
542574768
13326542
532203961
368222416
80235387
654897728
82074073
275208272
390093437
199501235
775528331
229181181
894553045
593329916
168509963
864853092
244843079
97127444
146295951
465476748
387539379
79401274
327716672
803606287
122203163
121866954
95323616
707174129
188647609
271907191
112872355
731222376
137750085
645076315
951961143
70501823
152490394
886551567
345710094
542583830
86052802
121238424
771765010
833122198
567084691
940274972
697975289
811927770
889918767
696787591
129920869
277458145
628705216
457637540
81064431
750908378
432020846
28904398
310598858
620668454
300811589
423471212
204407181
438561673
68547526
156368324
509063495
221037919
42919890
854773588
763621748
981489043
828528364
387903109
667127592
248129406
180694432
217619232
912573527
70613198
914406822
42494395
200587695
395628390
352648287
134168477
999053119
784669132
15589227
309651977
405337585
316400815
733123188
609744765
607478839
654187066
618629440
116542333
875224984
514065682
823832272
491363084
348071076
504876987
731782544
15198668
605522745
912476976
232817899
518096271
835606525
999741073
413107018
888710571
247885814
765755304
22879048
246938932
550424435
38468274
409107260
808278371
207385440
142230448
270539487
814864278
648933865
889168927
783922962
376675200
403234608
460271585
868038283
751305683
817664924
452337179
619020702
423187668
217330506
851838601
793800290
52937030
704096025
206907307
794163953
951981838
972662610
669559352
51437121
375603396
560543977
460544381
36398118
767929416
455291180
306937605
435310045
104225044
196106531
71749358
480900243
451857490
384537294
201454878
55679524
202202217
653792056
674700226
477906236
871122561
379055178
271706526
776575942
83151202
331130184
423256246
35133039
156309146
92815597
86570159
531912541
653359573
399630891
568310659
273805340
854922070
875248263
561631736
959147113
923871145
633381093
292563708
375728634
17918387
346534937
431408157
72636955
326992
106108382
550543191
723965904
337679911
674766068
353058197
420831112
5896251
776314443
308480502
162205396
721646391
247567013
546634289
227522316
647197903
114944947
501327655
354636325
842709561
62959391
166299789
619097057
548856835
458863496
994825690
419291573
805398432
278750198
344444880
658241775
237374932
894988070
234724030
575054842
422270489
440298579
848402306
428166739
69129373
9399159
442888487
790775763
256966171
989522775
18298078
756680426
956984073
372142085
111316750
652209985
287617827
277616538
271307041
836474661
588996386
118649082
108282586
246911169
249915631
452727465
905152944
487290562
200231886
992393325
914861756
622502374
432691903
763264061
903185464
501821275
772663219
346073950
145113390
882145742
188113076
163411467
638826167
145097148
535553551
602659268
797307132
823171377
880275805
921130524
512162390
321788542
39779605
472961327
568699711
142211588
925688791
326369006
629502149
978437028
318762330
396880256
453455753
603970585
12660668
356641216
105791859
785323887
555231518
103421600
519985980
743344593
266833067
11328498
888441741
654902969
613987765
538265224
330590698
346779921
311912100
842753087
668568463
204208056
168230765
237268173
346419643
93919555
563637178
975921792
924872934
734915859
225318399
378328686
338886443
237979067
587486253
297194654
23302953
142717770
400616253
395805284
886062363
519965671
407133781
627020455
174868640
21121545
17802030
505459337
367901465
329714129
200728775
36469927
533922185
368959539
126254451
880341827
315395445
542407980
708779970
92784730
277323839
934098369
471113415
468726633
24593787
58599667
765921286
47896739
53833789
19053891
296218374
792412503
539019561
703352154
271949309
566404552
724473698
289751338
71863888
944891514
471981819
125109014
833877793
5904003
346584904
960132243
738762181
661980348
355056575
300058503
754765077
632380413
86673223
78394843
101107045
111267009
989510862
719544683
11680099
43344650
591114925
307898472
688273504
130134485
11250625
960222812
549055389
588240674
102490501
473435628
385648539
574472319
598544642
219526331
432892673
945129545
32174926
24171206
459626245
387231500
324229708
66907673
872128264
263419282
145302516
825751660
374686290
987329729
397812694
238882740
883190730
988927618
546781211
571464233
971578455
410548187
384203396
520633843
851305212
486693896
994069470
236953750
61166215
445130463
308996433
494058887
242776360
341171358
518230092
554918956
580919209
694976151
621826628
453047472
958395432
619645495
131315483
185598073
459491575
529128177
424480812
342682304
518055794
971262022
766662888
342150600
234326560
150866283
862784442
85631771
637560179
709370264
175101873
551242745
7017078
484098305
45301631
102309789
677786014
416048075
657228744
258705222
111024225
131571724
564269045
921936009
751217218
695584527
107534081
63225145
224712703
532014893
405907448
595284849
355793266
25086688
937435448
442636178
175952970
652736242
380784300
666029500
214622857
555886172
217272244
221639934
892500828
115090227
323949723
570286841
383654653
981178466
681508414
347195229
112750189
245777458
269131237
716483759
941361985
229181670
779708903
18591039
761196562
38132702
613875887
969506179
63219389
403827687
412142356
91688711
56563928
792926656
757718210
271186784
201329179
974990454
345343069
93830007
942597032
669292791
516633199
326251684
502987609
50657965
673446912
468254149
296435422
795094501
37254259
90313758
24276170
669479513
108904797
637989083
707612215
575297035
607495261
623347955
979124721
872153969
715036665
888205000
517596976
472754875
11908135
718926154
300261680
357251204
665272512
95375063
26543994
34422063
421626746
382047954
85080027
947590009
702818455
234031800
742684509
740072713
324345558
619477030
262068578
285766706
257466112
969680792
713580092
717477725
445545098
545221165
589631693
160581763
433426164
107228668
485852989
445334299
678671173
786114668
802585502
196460037
881489730
681645847
83398451
155632827
916210153
168478477
103222835
619028607
402510276
698423696
211617671
579372185
170417077
473686248
865138890
427883189
295883391
431235334
145360913
741428489
976456498
587508957
754526603
262399013
547253976
240379591
707733311
78441500
879010610
362835164
127417888
613016691
896997363
210816338
768649517
813207515
379294814
724388703
284752473
634321442
275328750
348886495
213693626
445745827
822572743
931348868
726145367
970972485
362584201
724022631
564917325
191557050
164047939
319443927
453956062
711301914
412339869
14205725
642259765
291350478
377040888
769677653
904367168
126554602
980493990
525533036
939762116
212305156
102438091
77030940
846626597
230283192
425917435
60320222
676029018
101006529
844185441
254690736
71979013
59285993
978713366
489412690
250843042
142761304
808856616
704799104
706579569
73712837
719004828
348839334
365063314
96045715
118516986
121946834
75116669
951527327
499996221
14878784
163832482
602434311
944426076
10459078
832717503
222859862
923295652
361262872
323866390
619997444
615953608
248361754
679283437
447183325
737774443
930126478
589944629
399147411
634925581
149040549
472860247
206446760
497879882
690439912
155008827
468913219
812386745
230125495
272956898
164899318
97520630
436789379
767333628
41946705
299764809
452567482
264806566
75576812
666346706
441189307
695574255
134816665
689551061
227374043
581999989
279841855
157500521
24460969
531505617
644942453
173501518
4365863
851389213
671381399
547322127
6398039
992810970
212225223
236523533
265767867
377124540
334044162
555073597
144458168
228507219
854838405
449542001
493313784
782931568
115888706
934503091
331022175
103221722
476570503
558396217
685221711
608928709
715896737
709682679
140434326
213355542
883184196
997316540
64744754
407081947
544638666
71142792
399892916
756863889
160182676
518177134
133988428
346743189
73250730
130962947
575250407
780605487
433021300
68564191
563537054
401426357
855583633
894559228
504648079
184670487
305471797
42386141
793599195
21368533
752068819
786549872
87240426
635253015
783866412
151985179
42334961
181021429
75644322
294744228
790401669
88343349
812921361
776906449
435086538
738688442
760385747
10336944
519293928
45923398
931417486
935347334
447349755
639517470
682422913
804514185
824187956
987894709
846900325
470303503
861779594
598969143
109369726
949020019
86738509
893236137
101005198
981589821
926773918
29165871
128850400
717175586
117509220
941771760
346598386
552595757
532976554
106984133
415449052
52270481
152907530
346866538
840134166
452773636
986384007
522557079
257287820
663088315
362968139
104188144
985908169
224747732
555673639
95277894
26284103
494928499
841030383
127289300
476518320
767804300
8971522
605368719
337496237
126480741
399656831
684094623
531592849
932633384
643595107
947041901
837420216
796502636
146424790
530070734
101792624
985325148
52627812
359080443
500929814
268112302
315784939
486837982
492860034
723974929
434632228
519144136
218903427
275662610
498949787
547938098
895983261
360437660
5823169
85995849
339434753
405479999
770090471
871027601
190629734
266201929
670585853
880566301
62704565
669526994
410637034
17013540
654852142
315781197
376093982
8298307
583893499
544395272
495136289
929269884
268370200
929768516
300930371
339789979
57947477
799880157
887728076
953930737
12834168
893551244
39926585
352268920
151547594
662533408
75812873
342177327
928735336
746398725
75259980
843956252
268442071
485897013
860969791
923294212
654194562
89580125
931592518
90604412
633975396
279245158
19874295
754861948
61530025
320804665
94651926
119477501
973201173
982380001
925924589
986035340
728447597
818367526
338304260
879995190
333417285
414117132
74688869
114668972
13032208
149948848
811141576
281474278
635845860
524627718
57284841
142556773
614207842
841393711
233161184
100699590
120638868
253035478
855561537
34685245
426356494
802729814
6679097
399557666
637626166
785120038
238109358
366073762
456003915
576413617
98585304
789421199
843047100
173274172
756606522
856079307
323223019
567748097
990069937
959068878
92375815
47354777
101625651
559100008
741264839
187303186
512315949
714420059
440338664
220393837
749105303
866695157
23123650
608300751
118769175
660749816
393420788
356878532
879339929
849424702
785808500
977925232
491362252
628855599
151199403
100485126
337451257
474422421
668233222
180037545
286007651
613125388
79908674
240149653
24741748
821173512
427452838
537057696
535593570
720307853
757451533
137215224
439519362
633091534
745515975
558288536
146357701
991453114
767683419
25697630
693394168
553491918
3622861
37272771
34863868
7338616
137757896
224831476
334277388
805991118
404869021
620285038
271632857
484777694
712951042
148890956
305951205
140403880
685948652
694061127
713228084
295916536
831276350
152747445
929008069
429308676
563552332
75365770
273278142
331235750
953579751
966672309
737244019
809718963
3945079
772107886
817057578
141702975
996939362
3851318
800210444
254324734
624136355
71843300
739102427
189603749
73250608
45053631
182523980
759199259
591631109
895752063
907632146
275423811
48499508
689156566
704732486
464568191
617038687
978010627
795803941
570618437
797199287
385564311
232853752
801144366
10188549
49911329
795363692
7127910
53762646
595574135
113968995
530415353
519933786
853071421
720019101
593184393
750641403
902543080
204900003
342272512
650811494
112532148
617696322
551827353
654205066
174945159
16395544
271243752
5472138
664715836
694378541
802671424
50280146
927232292
456332141
60468694
829659972
104212184
920112955
735938970
699786318
34081949
118870674
72236456
887153369
838889774
517937200
490311124
593949205
722837203
832583635
97277050
687885702
302796308
649104403
194607119
330257818
665499946
465850871
335729955
182732133
12745763
990917731
233012278
939978054
299766223
145997324
769638025
403978407
66110278
358093346
103764724
100192227
476964019
28517531
839861947
168370144
546454731
182689422
762319348
121808285
15273056
859596398
662210338
170585715
361217152
856817457
500843533
26717097
175184679
689089839
61965581
187930441
680007569
294977858
127908494
979773792
440975181
750062870
236268550
359601811
108156216
192549625
312310389
585120234
221067156
4688687
753490378
620038238
187378109
368326077
741846522
55167516
80438826
256573211
225753231
441655977
113390667
579113115
320889425
288575345
268202953
382855005
476505785
800726874
530349215
456930630
633017017
971324395
206993500
869285566
183442557
167666067
61835190
495752945
752786300
135418697
500441632
358793029
755456934
687819740
579635458
349819807
742987255
660074283
606393018
968740485
954246612
719783684
400369951
127652388
860875381
668572904
510507393
189897517
321816129
40856607
646828147
954833145
864697353
853821646
824118710
48139910
21487712
738470251
396409206
626790363
873888948
896850837
838099744
629345881
584670576
417735201
979165688
180174183
930325835
438075057
1431019
884572446
10375092
401800970
12224834
871250472
70373873
375248578
61147989
244706353
268621536
707976135
199539497
985835240
414314132
876174558
886491501
288318195
614644808
282900707
767624909
341050107
32267895
605724652
970395988
616938471
875976204
802078027
797112653
806302039
92669435
798543671
543390836
103044526
52860992
408132021
974294998
123234864
635896950
35442986
220457568
904518485
595935472
419997064
742870077
862765955
148687973
629361577
3600501
763332781
764778635
771225409
104382887
797046530
229466413
927295226
266501352
105442616
581889604
63614004
764261006
674559038
714674026
160168194
777603564
767535018
568300214
604414913
743286233
56713516
492374250
963743801
961232000
88309721
236257216
556618428
803592027
384945189
38496357
807192527
794321
803274991
578417935
957693559
600321520
807884347
737505137
866822871
765843315
171911092
782953226
530104320
846470130
350143604
690272513
476590045
970194973
111089079
81004957
565997557
167802594
425895558
382257709
981550945
366721630
618514925
538169373
170313656
855976465
576665729
977506182
856770785
232457071
408440468
666980695
832778591
68841167
404485831
552117813
834684481
576396923
187587391
217305152
275383404
390247346
760094017
604489800
360442318
871183095
538011108
926439874
891502040
963906665
161213935
873052984
330628294
779728859
263738708
353458301
488221675
692920788
183480834
197508811
925377859
591921301
864489505
610672801
513278819
121491688
15306965
200479651
697888610
202894355
417784803
825788365
593141700
30395171
430278164
806100369
901578265
968289271
585056595
645596656
784712287
746270529
371165991
115340580
378515739
634904699
321315232
866737413
180341838
504796065
64246223
105719696
96717365
928735727
716392496
462512536
50227414
731699461
662992186
600632375
787110167
80776988
278937091
232768219
111172158
709215254
38868587
865266774
530020876
623925181
363379781
167249514
222712061
734545772
135106445
601227799
221966822
456421676
467965211
402308659
961217740
384727785
508028355
910451457
165979864
76937202
372963992
68723629
661153014
35956177
669356004
448263181
969249517
948293094
681031399
932938026
510024700
572416337
650721152
892561927
48857870
14100932
59811441
271569930
601163055
194917885
872797729
823129876
651339561
193279291
225438535
465073652
578007076
585983241
375525108
743986939
662920442
601005451
812710567
176589808
489477980
334582922
624852988
311243848
135392368
158400738
96698225
645417067
730817074
747419376
390495345
779674943
614036660
450306785
51244873
67716066
497741022
776558953
890845942
1596934
969838243
116284476
466670585
547845318
554784068
842195693
144348608
70220861
295717495
957059175
246810668
785195474
291642096
871663655
96439321
427034463
882580744
193137546
924967881
465914170
793073273
315463226
98105464
259626284
618286362
1866688
327342350
116027383
778425640
218188291
117624316
748263883
186989118
584294901
148625552
741773185
279006945
292974160
811994045
574724439
102549686
58804713
212436265
394191781
782984719
308875585
673742596
518081815
354529482
598710476
983995984
147602755
766690053
82101447
407229038
384976415
83968135
734571387
353520149
862393774
805276029
471144465
463174008
992265146
907955717
464315912
586554682
39479013
757290071
251065079
614203451
859839756
162386143
826639715
106547888
797887213
988031652
780290483
315969027
342561133
231517311
152481362
342680239
998207363
234582809
749909277
235700129
171067295
336997015
589220278
33461068
142273044
912881094
349151428
987054541
820836810
813467339
426125575
860315822
423273761
529707005
327035624
135629868
692093147
6191691
94694107
342496711
994223342
874984590
658465738
189300826
959018252
810947099
531981065
809741966
898046259
134406693
45442095
69113553
323920059
487178724
955090973
318709454
252576169
156758752
158280347
73412978
970226090
584405921
786245151
246016202
114112925
965797126
234162421
658722423
971988816
328856527
1219133
818728509
56357468
512201222
860545687
15375719
175664673
245043103
825117685
73710931
379449795
723076131
995340836
703369853
62771206
950431808
22079307
315347374
107190559
32876005
241276703
929933000
617281925
880038205
28465553
583911201
845835330
262627973
95149975
670340498
591484499
948885459
341585358
647841967
313603033
54647396
515734037
489267705
299690498
193368073
415494987
679140292
916444203
263352174
235026497
831731760
66300333
109622155
147079133
26007243
142498159
240872187
955940242
612296435
120910391
836922146
48723987
819262073
99550118
143873961
342118922
543550969
92759419
536220631
43909287
258878803
590868027
559643323
748146507
890558524
753011396
16157846
422215168
521971950
279510019
657241664
206220062
345810352
619380170
205815546
371817594
761878328
446687733
180274188
226691114
420114475
17196333
275415100
91892899
969262803
419289060
286528172
365330123
364564830
822748803
261755761
623443633
413616829
821399083
224106491
156691704
426926830
92780688
578906871
801415132
372290707
88664886
7635193
570617410
708045055
213450738
942435003
322439734
512654822
975225542
549130847
932769297
844938227
824545946
877178547
666717381
96351357
163706719
32047503
460916187
986455521
146319615
936876171
252588701
967718697
13499013
409280404
247161879
106279701
988187275
48577010
478570407
76852160
908728554
49187816
637413567
122179291
844139170
959853300
487350465
671881064
508984147
272636113
516819290
186046444
149814659
36053022
282397801
166037729
68100524
743313987
5009601
66936490
532706509
257598301
34655186
546205521
519395057
134333416
652485221
360098683
35426777
131055627
289467194
944155330
32759794
926880760
918850973
729415316
886734060
258717789
253812731
248234558
531353901
770632020
434281001
681168559
806685041
716678801
847206288
727301916
312509139
852215888
794238405
845215647
962330541
681409942
243937520
481725597
668259710
896422740
841824279
703686486
879994719
131291472
500358168
765270864
910688584
271725492
347202531
649938995
530443280
601015261
898173552
61797180
224163632
184970904
595482090
30848672
754166057
295204729
610666939
66675195
999936969
257421695
764407194
962267509
791347989
8344713
296509457
459607698
757283804
990850087
15810535
637278522
974657910
368685054
255065738
885346493
640410545
602268268
387801839
23370176
203283529
138491742
937683707
427447160
323462646
385682149
310812184
77628702
680886877
773995474
996820248
533340197
31417169
613743793
348124057
675281509
474604857
644633513
134889206
84405013
487999951
3216092
721683534
462657861
371901146
976749271
200520705
864828042
431533891
588322544
888198218
634817419
726814285
678398276
914780930
902793282
64080424
78109465
832938335
597483653
852104939
682274935
130823849
736038459
148535079
478947906
411319967
623139936
976097770
398725524
707544948
464097721
254457967
281744833
779271933
626359112
111010456
979792637
343703506
542544346
420631532
84418075
29878116
999962169
762816350
944659045
902755450
826896774
22768510
588210137
276896778
727389800
270485071
407720626
463428258
419020149
739184883
727264576
894676436
715282653
125990099
454737735
31896725
232964417
736482568
811168657
859323529
700009375
643477645
55543386
95070072
916625529
139961460
124948187
916587697
902777809
922123583
671859498
582190934
797408444
112585986
859087711
524798243
383071056
119324689
840742852
654607557
858509571
568007427
549283992
426308575
546513877
4021727
458205299
779478294
593020646
121890307
491318174
145546372
617884304
546861559
240616443
534509832
686823018
365564629
303613880
442117178
140204563
827989729
24308112
937613007
940575715
883395822
314927601
176163122
2720510
155670453
830770678
713746433
576194231
232571022
140055007
122708108
89109100
450776658
754702753
682129745
572666964
98537278
827676116
43067619
497915188
68292558
577577450
37254557
286373538
733707681
479371734
426578100
561697410
503679845
216707458
354789476
239592019
531635059
530952597
94828880
687305511
361723275
808575312
116016093
594294296
801146671
91240552
683403395
251923328
845943304
218049491
677106643
796996933
898241958
720174262
294912120
819050867
150268063
332166676
105424404
883975744
811538410
384518855
298189505
167734606
601226313
652978980
259842976
132861371
183931576
354671856
672683233
398171202
15763519
788699325
992465497
816910189
879939877
528385243
921349868
578399532
598951085
598456511
227912817
497193042
171147124
522824936
168760260
321415186
707507964
126701015
205390929
371562725
511219870
503580433
539297330
964962534
9075764
799140306
950340256
193007340
6328513
475539840
591178541
22092031
116755516
436160390
691518572
996695392
817061984
465384791
427611276
416013069
63841301
655524092
765722462
87504776
30865379
934482722
408919962
738373342
61183736
614310890
109936066
424919957
970407675
501749748
389882490
979483438
153406405
192739097
25007129
12251269
668278936
616185670
34343299
785034452
904862411
578378222
634246195
721924394
43763013
61857470
990453814
960120665
569897913
756176276
47625441
453279644
543175349
309061754
44169337
604359084
923372643
6621755
29279041
746296669
508371502
271677882
725780107
514294258
464416979
750787235
526545526
132695914
219489256
413405176
770246717
124351666
991783398
404492912
698792412
888062762
318866733
541762577
700699778
741280998
150455204
600841570
194560641
693630552
909903323
238729977
150505988
685792318
245351731
32301380
284605338
606239584
303979261
10385444
120533841
620912591
613689031
647079366
606124857
685694638
60484542
376371573
662562656
904784291
633380836
213871419
645363404
952247569
755633995
198579533
546044918
906089199
651937455
740605558
599719750
414357129
831851886
750225737
100149446
77203617
782527116
237271136
535959552
939022729
100172931
656493393
559935319
713861961
156089110
18576527
252072951
69090003
394948100
914635606
826390645
28328935
128507024
324270400
833092855
884141018
522849933
231654124
642746568
27303739
972259681
94982670
441660867
656627919
845208406
394326665
586347887
480251874
631597800
122307438
271790954
731770730
631317182
831726272
298149043
787406292
850302799
550221993
709012646
97767250
464857598
535403291
978612536
445880973
859673690
664221743
182538342
235039974
895875866
825284910
262343712
720651899
920267579
704004579
377279817
617992336
98331243
963627703
98244209
582445394
938451492
222551514
314216123
569768674
54277786
612365165
209691317
757096936
15103509
918703962
707380537
479961106
306623604
685993072
925842078
18813646
202731166
108380420
106369971
98607032
786181681
368713683
819258930
706449259
925234613
49055098
176957946
876082207
865199152
127718507
458527600
803650643
350270020
625260074
225935668
257064157
90141591
288143336
14161092
105245099
59363650
574057980
585206205
365987253
112567404
363564634
237317250
315298569
324461405
343687221
413905600
110643085
712400903
85680881
669608695
490151867
134735978
846566641
366234073
852451481
974285147
677278024
508618476
177071518
302538097
734554143
434135675
392679687
22697479
300813118
497924786
82061128
874871098
935647342
300564732
987438501
151728327
537881982
302737069
476189732
881569202
569159021
439349168
446486456
654839901
961474215
936638322
642092231
660557207
155388746
347060063
487358705
832666769
855678538
664430222
987721217
442749033
98565896
232917256
317962863
399379014
730842041
252540342
126766463
519005734
553105073
114204963
670734060
943503406
269458383
146923791
677588959
838617403
438789311
124075414
345973656
252779877
913230087
988065886
913337083
921135184
187642300
400695787
606318304
43320838
65126008
594039521
486069870
16208256
826956776
804032732
268103621
410315168
56573073
394870083
929320901
462194497
509075045
452571312
258214255
778533427
452011455
935803213
469667182
890800765
912394979
815640837
143580641
678141417
656223074
909434075
599276601
843865373
162646213
58111256
887186210
80288572
652150776
225772431
96496827
331623903
882321514
364600447
594455422
791410938
759470529
376292674
106121787
121061925
828863986
364336041
752111704
280875440
300139253
221778885
24192556
65050583
37419721
20289548
743192000
546159146
929723622
194984952
390024518
92369834
253096207
129727080
25174757
905246983
208015862
121671584
89387237
90337376
338788382
683842659
881748313
98258911
60135332
987870099
71837187
741515669
204722491
823948890
22391108
504861744
898244126
899100015
569912326
788180198
919389562
165620677
334339343
701629535
360605628
576880213
646515720
613701835
706607292
671690477
371465169
914623153
645878412
460852405
857476880
984666793
997211415
591741545
935442055
909863099
432127995
7279242
651378767
636850486
683744483
526286227
141712229
434504961
277902593
564140906
222685158
49808507
729761583
409540853
751438041
90367210
986421065
250470113
556585396
545544708
774676941
928050564
312684212
420555352
241419321
170161092
257738496
238630735
761902636
193180551
1010185
46546982
52976144
652388952
683397467
589236978
31191530
677626047
23741938
309094122
94283305
98943448
358902628
824044887
508484300
962857021
766928448
494905364
65843485
176030196
40450071
840520425
104080759
205650634
113592128
345500079
375811725
371330623
436647166
990230712
564511173
437657350
36777694
470003668
90046301
720175160
59240646
973754182
250317559
82982583
135364656
344600863
34442382
494267283
21162101
542926681
309640655
788090548
37832044
375484139
964120743
930798466
216004563
920717854
136449100
329596690
118734284
364777176
700927313
555381449
207524240
117954837
993038799
244301933
587958505
935601451
816993444
499715502
909355633
67311002
435214436
44720288
411911864
469656818
391503922
433073964
12583498
701144577
73680864
902931894
76628715
890317958
686246711
145149630
811035811
675212162
327262671
929770095
39989338
28189983
337667895
100029929
998661172
330706693
344331861
439136028
118824496
13841656
938851529
28180128
81152658
374065964
925416767
345580873
843722781
169437040
778654837
708822631
723097968
704852052
611754524
652243035
595170009
150517586
797392664
258722172
825729748
124655334
41008618
718235437
5361669
378676512
818265365
856539192
561899557
15113577
295675219
680724052
28955232
87043099
561420531
110107889
461109062
339353649
455688762
157348195
508790688
86859950
866170825
84405008
791712001
330441700
736648042
239398361
480959285
386557057
350636884
159205384
363728742
391645501
877440820
221606762
622838365
695706184
78145953
184737921
710819760
226337523
865461972
739774992
313380621
279398854
702399232
774489683
618752502
10604345
784354229
127543189
97464294
503041405
64464548
741692646
833483104
801112589
981091007
166958740
187669645
184244242
326164124
551398387
575889743
56121295
773005148
51244459
751827479
703667453
235982379
315163590
930004975
953960702
907454933
243385596
233359555
609854165
870391630
852112056
620458509
654745858
832171596
570439155
10303614
896636144
312131800
843786717
550265084
145739158
863261808
737934729
329983400
41942283
141849467
758389494
98063578
767370966
809633952
849891056
471038418
45616330
17570997
253559745
852093383
925025930
496945340
85452937
387396446
219853321
790081344
860371306
874599178
474769291
430810460
884902791
223921786
595458612
581205859
774186870
741197769
296984018
364637950
923697520
338926301
359003768
682087013
436989878
126374733
344237316
139397285
449929503
242369997
156968281
703489247
94463379
934510562
52950938
32432667
174423359
272804258
675030362
34794665
147403435
2316005
318121476
884822577
226237790
913580087
318544787
852941011
507294208
615528804
70095312
430991727
954455104
429099079
965595092
243961333
555473812
309832407
383358617
5403314
552202404
540326898
561408912
499182134
327353811
614359849
531614801
501777170
887164106
59161514
536571834
887083892
61477518
854693309
624422820
287715308
620789748
942967606
140656318
128083955
411012761
63267982
411592033
217984217
492367060
377187124
461945549
47840871
539535883
845304166
905760536
91738286
238147415
319685799
443436771
565501225
934045647
975051571
67278394
821209752
34213085
456366579
560809995
95690602
163576240
185232814
235922261
784365987
980716771
229094931
764966293
244245884
292362912
176558325
462230100
784729971
406261801
776692000
685087194
945797683
474512517
443364081
890052320
712659931
763049880
333489090
130677508
549611878
161057013
50472253
223337982
47786449
359355184
784147976
995993402
522931423
969380790
84432015
159813761
802613912
313526945
924780053
46859795
458406208
953854729
361606246
95652530
360116529
138298246
780739723
158430563
612810762
76620156
48482882
177987045
692186387
234488324
161180904
241798264
395545336
211653156
465136245
295848136
571008339
101800573
291841537
946456113
71181362
376273551
106269873
726311625
542316847
883566277
773171420
723054
689937358
134777665
96375584
50053886
125592262
729631658
61000801
590919376
806251813
109483682
768906420
350954551
343972005
930087323
592752815
592033692
994256830
910405411
887881827
417781521
12205983
32239716
364237633
935903696
408513266
323023858
662215321
950830113
59106486
287903092
804069518
749043843
275197108
900445101
651614081
253305722
482593111
712614881
844225097
141361275
674614914
465647868
492315826
18586919
248251542
85068640
463136962
242508371
847990402
351018789
660289891
860196385
383258504
877043876
648616432
644288121
52584085
163348104
447634585
111690570
451251195
251704103
713250765
578964655
4665555
217381197
832270376
487258665
929996077
676495472
628619940
457127342
142143339
120935765
328230612
242911232
58520756
791367574
485419602
759027509
142386362
998225845
471740245
378161217
875269720
120356677
22449337
927853804
283704780
322600274
892060725
587472327
574304376
605311489
166436981
431486282
822692685
998707356
918744947
605205113
527719179
399881238
62332455
522378869
373333354
243079418
765290100
284370461
34446991
103226053
43397969
29349704
101451897
367654566
260027272
829237968
488011242
134992961
609608123
624232373
457593234
354185200
211704699
31897609
959496688
230658031
315900242
634705725
81881738
87161540
92427189
609600916
487042777
7275995
984496136
712892482
250355413
602302587
997262942
137318755
705528640
893177263
166668459
659496888
113348180
426695730
341251208
601359421
561688690
803375682
78108145
19281923
157560881
289812844
903695883
969573921
520470874
72112477
456795997
602352612
159274016
549223185
64469879
646316793
409015532
48966015
211725626
659370944
503784953
61504920
796689698
61829944
954682182
815874508
721326832
68030361
95086590
915094391
521906133
656775279
718470072
600014277
528573554
728547305
742343472
284785788
698121225
115330698
356898264
7433573
717683309
516172280
556656757
634669539
15005424
965672288
536151905
226731049
477559583
39936858
288235968
126765633
101766801
95434501
942640140
675609984
15981213
37726729
590704374
390403697
547018360
161690798
990417974
928108265
890238102
585277797
65410404
440875678
700608494
422308668
448309250
270808154
790997299
857482358
905477693
806002722
675670998
441629597
885250122
5746932
334082806
26002442
132512564
435849607
121436942
927669056
111459590
137418155
817912136
554680316
380338203
217446847
568887465
223272528
145555111
311641918
808550325
210965515
752517595
509158818
485790534
53343196
779966972
276787832
910825553
537961016
935306905
439012902
979590612
820557026
444759834
166189770
846559467
577272397
602039376
820512761
357457804
566015317
810447267
175369940
973211984
190785469
392816786
542099448
414057997
390888249
853741365
75124673
601853763
458775311
584283490
87644296
364634858
216766813
216948479
127976763
754727828
4771735
566989664
586834792
825328760
11749497
753024561
524404579
441538246
207580288
197433691
798996049
626111956
7880957
974365988
599323940
51182777
219699126
993939739
465240773
610587374
700197456
540365445
64957488
11489118
977165287
5118135
376123976
46448451
74582965
504100738
801176279
79354699
71090401
240527422
904683458
82839898
846068334
281604388
376894495
53648621
479038078
175890543
532276928
339435386
2772883
131600867
390618163
74988360
978056958
855858935
685575733
678254413
248740732
603049572
689743530
78422370
608167706
65867505
124870820
682750670
422484594
926047098
762105368
493574995
19090871
519305177
428931244
865159204
653425917
805825738
771324176
132463994
834232632
156117456
324415732
837005514
140234674
715033894
911993873
118291631
423409180
450085957
649062395
672149911
53135528
191322277
750572280
513819585
109706133
875443100
49086606
532190727
654006549
663708325
25765721
525613772
35529854
307213316
243289327
688955770
965555405
14613503
673936115
799788036
23247310
998351846
489309902
163481983
713385739
253820126
281773614
136794919
556422435
930836008
661461181
462074314
122158284
264549813
975893899
84380769
992509264
877496856
616571495
499032164
541205181
494853567
24645935
576735034
802066882
267935262
118207155
620138638
135065116
792143269
272443025
158312425
790495115
761752926
321794407
356397205
868089404
456084372
345708475
424511838
239436732
859686008
886586151
214111367
124235820
714996401
298492135
969261435
445009609
915063629
468293598
986214789
409917195
345455885
415466174
64500428
613391146
533673328
684639065
600972613
178332948
957082090
759285037
968828062
571351367
933595795
177741619
291957122
389680167
375966445
716468959
629116898
235652452
455571462
843228264
212404623
23084214
141720399
34182409
468093822
909300379
502476007
306824962
171733926
847931891
574807487
236234353
313839388
108480814
773389770
914812000
139330114
582988211
526613388
108158175
6855929
312725534
138416145
298813051
702405700
514382590
15282009
184038949
602551393
323369822
879783565
814956016
198970388
874020315
849138424
667064209
783320693
204130782
826405523
955054618
904579024
401213009
43805323
70934763
362210175
817195092
985746762
501540288
252699654
364876501
462214814
259555582
677602035
453147311
558368632
232524086
967529900
426166993
269079387
422597644
749536814
148862951
90070011
948507201
22883265
939208435
468087762
658720309
995855568
147009636
466291279
900434592
548222644
362612953
971369354
762949170
32324396
809632468
117005809
285024049
27025320
579220623
544579630
557143706
32367933
102948262
789667792
852414184
529115254
58747178
127528179
131168419
60126480
217598190
932191972
935526096
9322976
252796085
446762756
5178543
399805720
913054034
758129486
948028363
128183338
582015192
563493885
160507733
244164011
680499693
445531781
271189330
112236667
990111411
828333036
144604599
93059672
470517179
849535134
474691277
381780708
977063313
458376047
294423539
47177854
390568018
229949634
56500829
643364102
676712389
61679371
43169821
442282775
819808857
843714536
570466112
254340400
259724772
730973845
498504410
940224464
29021977
769693739
52461131
19133387
450543126
49582081
964709410
773576656
751633567
291917038
7873715
581213231
750293085
302297253
628391084
140861102
532246886
684891912
636741556
61475627
746571282
532427728
356274753
418896490
228658615
926740864
673236889
488383386
510231060
24257650
281124202
539253037
793951389
333585332
410902775
97010866
235683764
375612185
870587522
987317330
667529222
878461236
568530560
270338658
33274841
49437995
263716112
565521726
734329906
900457667
479513704
333417540
285401746
835788456
752314029
366576713
615045672
278067270
854960098
125276731
302324919
136084299
517046119
948792659
322185982
927948894
45803525
557869746
156077430
768907398
397703427
676123003
499884985
966233987
946461661
533159825
15671981
210177772
951197903
602518239
963151790
430711606
935935778
101069887
119016414
540766158
467646599
734062085
818833427
175123049
711855167
973674698
163723699
81417638
922467356
485909681
9366531
820787232
896295778
17960312
442210981
293999204
694083314
794612318
112749542
493061326
180288494
980937875
703239097
131486396
583456113
518907238
414714354
371908242
619977125
533730767
912674399
87623723
267792851
584024178
262746771
979648017
557698875
426470470
61065654
332682582
764896502
922948536
5986166
661192279
793425199
300713498
807707834
340024865
95325815
920457376
833086190
275614309
753911602
388841639
259617056
189884066
907748876
674331409
561792307
527726000
208062175
474466705
467866075
328371377
58490882
730612845
160535746
468706108
9599666
74117751
653905042
774496167
997066287
659891207
288204797
643007837
960604704
95912631
983032701
908446871
868886358
816118891
36577531
475314311
57476881
296194586
665198376
965225756
970525995
226990682
345468108
31104521
553973738
813334182
359475898
464980972
396463378
520011643
933687079
406063044
594129393
440108472
33075562
443712031
99999678
173796711
86719868
913120734
122225693
69752568
674083956
991112050
738387810
710661486
318942712
795864690
6856071
984141087
613606798
977382065
63648120
959074905
8486586
617621857
772409086
220478835
82602828
21388815
740490477
868806259
427451858
334619869
308914730
313043772
778331900
261430760
486840482
717568119
27067845
609066174
639837038
701151800
452694575
230741200
264329637
771637286
26605889
271185707
755778372
492729038
101084124
819426491
451803942
962087061
289564699
76729379
182565895
372167527
98118194
923056371
93490137
378086403
110192591
402404866
691130174
741040842
516351977
177970655
458608960
543419821
787036828
98445998
97087972
92247754
181703549
361417608
863885039
60825789
485119667
472179762
553554827
586203790
144122604
5358768
400807202
433687303
934604499
583373096
805854829
32722692
358945818
899344965
263325446
321654760
154266182
954455620
62695602
670618159
132426274
373820913
66554331
771979454
324783262
16158655
864227207
506486810
377576262
580628598
567312599
862695928
52808359
120867425
301416069
196930963
978742544
702223270
630618265
913347042
138112717
288989445
798586085
349574886
40850761
61911531
671229646
47633294
868883502
733925247
718251452
853826127
107746159
637322135
478321932
285045773
653480789
195065491
791532582
31057050
775694088
358845180
746269330
828502446
332228956
900201750
877949760
310971500
454941372
361084376
76834893
593054088
650073820
727937330
942628974
543440932
642365212
466374971
591074226
511248713
52816569
161842029
217591191
13079079
799164163
695913123
298124851
452644951
890978613
89657433
336218353
666672700
301018964
935004034
347691497
633247920
835205783
78157609
944219419
142663506
439241984
873570663
735717594
89315804
601507992
530862919
485273087
96389555
997237889
76347312
607638267
50054457
238189341
825229458
63133535
37353503
373658932
213774738
342514806
264637544
303432170
531249510
783826595
604451133
466253543
131518091
90215404
153975677
62192051
34434822
296639183
501434035
760521837
884873128
443266190
214546180
268252398
928539276
310935735
118006638
4886588
918574001
20577446
95592280
596319810
83710980
985462134
969978741
150002069
180493291
87132636
453434238
711742800
870959230
910401723
30512694
854993673
617126
184488371
917185723
887568300
333643905
271136109
648090136
218517032
714402298
862636315
486769429
642941574
26088401
604776066
500344513
944662402
625353511
448453144
393498563
561580842
433915277
215993656
711582911
614408568
155642643
17533500
178667719
26601873
927935222
209180413
734111897
781068700
393668783
503813971
668636999
727312687
774950080
169243486
798346070
341868729
884396152
137631850
984810302
910484553
742407915
337671166
707663306
220277777
786124309
101161868
634374970
72555938
169671875
198474232
539480857
325314518
216007732
718148575
204432742
996459305
927328987
791060990
777528004
173514121
147391312
298681354
900826807
922341391
320441191
551689228
116726472
204837343
689321077
101536773
115321895
284245343
291724291
675501552
504523119
930364951
629179771
138898089
2920888
798851646
189888672
394918096
976682515
405896403
113066671
33631608
254872060
40395657
824692597
32400063
66426130
972083908
183597769
967252936
746941651
504038959
371458516
863668122
561392653
60779592
817721246
529230899
345024935
109445536
204732450
702064405
892326839
833912221
693478845
747764078
485280218
883367517
142682174
314479084
141780271
108265196
348110691
396652330
1177204
172803287
281568745
67603333
144887194
465166513
34856269
744345196
821721823
258831136
608013317
383114476
319610727
278250915
912345374
517152013
240212802
969594176
219216418
132539640
656022748
912695262
880303718
141302965
648579130
875502243
308298400
790359401
983767438
656409090
187011730
984944641
829212376
468580474
52547974
826615921
786263338
939920594
423477469
607985161
198751729
31490785
843615988
370878807
162258051
608477713
888030820
402470853
578071888
107247237
535010492
86610987
872458850
267830561
80430303
373554332
143332803
388728702
163913732
979616592
45137791
203441813
964561233
726866518
672022287
869625558
405998791
310801976
809546151
829476259
918787136
860814231
713483395
614919475
231693037
875741446
223397188
119723856
278212298
653985427
79487444
665739141
740596414
804462646
933569702
821026716
30533329
929418856
209755418
194447060
761551800
107409560
397888872
578629384
834276078
922427510
448254941
240274868
233229486
110317443
69751126
4532973
971131673
635750872
619452448
55341061
511492317
695365987
27581269
642220966
349351413
959585064
307960107
89947826
616564061
94046160
763490894
647097389
875981367
973246311
841544448
637533166
80655870
91949672
68678901
767448299
14377181
516933841
7723166
100123018
479767635
929990643
104655991
303415659
418257867
576624790
358756720
929750183
124507128
238854340
424487501
473858540
198439403
732447607
416322718
815003464
679010118
32329963
314617204
554991484
5576273
8678004
45041002
938748494
100627675
113719902
558713145
967521207
483170095
418952662
67644225
962937729
201459657
24816567
266353388
619717523
453957708
477626459
401984057
578464835
716480798
826471557
904839726
914920200
411435515
173678795
582440015
90445632
206008757
897057219
497953468
64101381
905735222
542994469
2849875
858879248
509230722
414079371
826400454
992400816
833032032
746561030
955338545
34491688
623893948
74208284
654209210
930368007
551834742
56193267
361349193
120831891
735181175
266188919
35752090
146616690
439867713
470708457
89578673
645876470
220282027
587532140
709977850
978533600
130526608
565344076
837412847
492273682
979423446
516329652
484674497
664971830
115407034
292529393
699463517
591817333
219254028
206189079
522185340
771088769
114898697
883534532
891920659
850079871
2239802
780189101
849212912
294623867
103413909
938791585
940500336
176212287
526323724
502994537
154745886
509366684
920854965
844675084
1640365
752794762
213521087
338831213
417766591
328928120
483876958
969746460
920745453
703130985
28451890
295447144
326736106
143350586
31498027
71173116
845946808
33737829
851362216
695159720
180878047
807292476
486467656
121378382
983504762
12791379
476889270
138250647
374674414
250260586
835442082
228831130
3055348
48963169
420178695
273338290
230407640
904055652
243084749
3669444
607186636
271536638
299116587
933922741
267403575
183130966
5095857
113350383
69385146
708974424
661026454
250263192
368783252
147494109
224157925
352288013
12801839
701047194
343055012
239992605
951307780
31013445
468823734
806879479
79976613
889002428
80217768
310384253
645574431
175818869
314053696
105277419
447355506
465686635
39200159
714759081
648817600
896812367
680625815
718202745
458303143
341652268
968465936
827086394
341662728
192623860
31890758
354464566
746187405
227462121
594457170
550011536
258475566
915797256
356891014
338452178
657316035
289625134
501352782
302890466
465444002
815406478
408167884
912799507
133609464
299884394
480074939
782427063
49213113
13217105
500629807
360032607
354869372
321612094
39635352
696532099
514235953
71526109
903513017
112939709
298988230
350486538
662951245
557463795
266283793
19842258
748432324
923599828
161983743
249785106
79006645
627427744
917707935
339690880
392743603
51317398
639575273
872818541
833744460
541304737
886035646
186890618
901337343
93421369
508502711
940972694
642469820
875255015
12498803
545982836
988194723
164003384
896469373
651145967
573983530
15269518
523504577
322415853
791385697
685488319
424717310
870392341
165432415
342425244
62599572
558176017
246258993
702174844
283510909
80003452
95995933
22062906
119410421
997333275
115484275
480429483
938305969
757954094
355684497
803321123
156453281
196395572
819840858
905439005
847541538
393824387
920708522
223562466
568756591
564610570
761567137
993473901
287519262
926999551
188415496
350118833
485175567
434674489
52293677
768686475
367194292
805961
790749381
486604713
998139235
758750007
967034195
788961555
369220452
175235044
444799029
525673732
371630615
264639886
283629088
71688504
510980624
56853962
147767322
79737215
621464531
909334458
73211115
908983793
836334008
114142962
259102625
174025926
548817450
163912653
795228752
916011742
164718613
438494484
255132806
15374200
197244490
74683352
804335754
566464941
249918395
249134783
944655024
474065361
366291020
228284112
545753865
877271644
285138073
693521186
957008858
906602603
455371995
882736324
668102747
144222354
996879285
927205372
318248279
398213087
943634376
113477030
314224828
108352989
404487866
569357633
123727188
601732355
644040984
780579293
20713648
746475731
29714075
965368671
220541091
248521447
46169134
618811307
125793090
183823558
164848844
935318299
90426161
620220838
670570974
611045259
764443191
519966610
390766982
82691469
918179696
334401358
48684851
84920875
295270698
305689068
654278507
271514237
907421422
150835843
52093529
780651421
897311573
934323956
598536444
970369015
35361754
644705577
589180322
161154843
828529135
754029165
96473141
771471647
226766355
619560466
235033257
991209545
139527075
625800239
926417366
57706771
960201596
827618568
142627645
107988645
133307635
649422504
232019233
893245408
652774698
136629113
673896829
402602622
70953068
124949624
372971636
106314821
769655200
814668309
119986015
450700686
421213826
68975507
74688684
647980180
688535972
309721941
639189724
680579399
935522179
418123441
590802521
748240126
245742008
585946517
708745122
231565994
87885372
940764354
124811402
740660069
77393466
651224582
143262690
862886
776174205
368750678
959694058
398345756
183418986
79680073
849046442
604632811
1171931
776251477
105129342
542224255
85973417
744319066
222803653
874011947
14958858
813606173
474768424
260700866
252069041
36029897
492266859
339954413
976794250
469594612
80614481
54187716
120819193
76393523
907566953
896993397
445144200
867261010
147855505
628563185
799457434
996901946
85712348
653145717
625669774
190841689
195369971
564159543
787677106
270689975
290687841
802635964
84296147
765456265
63336829
188881539
801486161
408120039
528835951
630796763
877714651
609450432
537500830
851050195
685843954
445067782
600559944
130988153
164845143
748415448
612067689
816818929
597833745
550296388
469964645
223503518
741138077
517850967
787663060
381331534
788540941
78350901
183967497
725353439
696323517
99820677
914234977
350326029
360457068
443070928
981122791
90688070
905037711
371139972
941738264
443398016
816207753
542298207
426902520
833569248
143230006
38970208
650388176
741063750
441782948
972869172
964567268
35437376
490720138
604746679
416768909
131777430
535613931
600736406
857130868
84453799
553073434
771365844
287296180
913530501
66953123
120935322
4218570
971990833
492075294
945956834
267905200
160799398
340771392
694807719
994368645
484001398
586294279
497273172
77581499
28077226
470142343
42148766
63514601
813378832
499411797
480283509
945156261
887542079
933536266
802287128
971995878
486609700
426169324
111808409
252656552
345638798
232743730
256875122
170145983
724819023
55348307
438051182
885618421
248636050
132858901
879987065
732637447
719153179
229776589
810218946
599746756
699918931
704884063
663261356
365814115
56812211
996061216
310970375
944354290
929597482
965773855
768866519
268723533
244459530
880674927
521380084
590098327
113418656
630771557
760244309
690754031
686119863
198295491
576372451
934755913
183670743
308875867
519909711
902823921
538652455
182645008
355087028
91087738
740045423
18348383
456901852
796857633
866925950
620388578
593728274
649039783
586162432
215111144
917763315
830621961
948302422
291659751
273236640
914237430
922431307
33480948
604991460
461067522
84292790
33880262
248339786
267963532
195272480
620765848
23303804
733924935
803410856
378390831
677529024
395972630
249255565
134430875
45346614
116181515
607335804
639074888
765221297
46014588
706702383
535500964
876636548
655004805
679677066
2389539
421758586
454624724
35870487
26750045
915692245
120163276
913146658
16548382
388126808
108419137
637314230
411430611
694860423
293241437
789821442
372389446
689214066
39077006
359336672
734560679
7774872
966672476
226151918
625512521
12687063
932854301
13529836
741839962
440375457
693206901
744229501
862134042
147831624
632616339
741400438
916040221
752779614
507063447
932588602
993422773
615482583
422419183
257369736
162859358
568176971
47191177
535248803
109907388
938784534
747101827
844468067
799075758
566290654
923136336
424588278
431494068
708506988
438118113
25850381
1398796
131325013
770079881
863532837
131672988
255212571
457449626
47713208
7992185
964513072
832818162
853931309
432512007
107753696
111301044
595371364
675930667
11008572
983136518
785838054
802309458
730238344
482822472
601385215
149045349
258475160
878489844
580539416
966982147
169124308
606389797
968380943
152965672
228986029
684430131
284638659
484198600
141879757
184868219
344707136
958909180
870202732
198638444
243937538
977956427
162455840
691825253
506403445
173464411
674961771
144757851
975773868
257716466
480096674
429675434
406761815
738571833
160681629
987301230
705553980
329805936
446207378
526451274
482771607
675193407
210881404
767410266
159392006
205277512
804794836
504099141
16703044
674997567
555253936
113156933
505470345
717709775
804982186
864390142
891174186
332460308
9147992
719464405
590176773
341761017
1656191
849454939
80332850
162337819
689272521
638403181
492143755
135479898
164854454
974915361
810673304
228252209
594841978
822581661
433529721
252153165
179197153
302749116
927150731
734451089
415906048
285137428
452160863
220888233
2043921
195851400
553348540
11191912
767832157
996041665
205469280
769488347
845496603
285802129
784342517
387285475
924205309
129002623
522765373
941576114
103917984
185955028
169828323
551276313
8536689
455874395
803429478
40250193
758623510
583096560
774701281
174529557
720750339
79378496
247934142
722794259
275229895
801282681
586502522
43062051
649840697
791971802
665066749
347853652
77773930
301925618
735139126
854495591
430928240
110420850
648588056
387362575
296375878
818416378
938638888
157428918
126807124
594584717
197679110
885430633
30197628
972380391
59960190
750947967
51758886
160410683
326258577
179505132
961693363
912761099
75083535
464050412
704732900
592666635
811904063
635023181
894592252
547043188
342035123
325520492
657464038
990623179
712883066
806356267
661555908
504038305
963785184
788363032
951139373
13980645
526310016
981337001
838877387
438786557
584801319
743152624
599197239
911059895
922657756
413406954
676337345
850257642
877457365
233586596
442924276
689361427
868609777
190032880
88920966
63161251
515553371
598901355
906300781
80952788
405257621
420373041
437507445
221559156
61252424
388646817
88056153
587562439
222500169
926933539
26348996
659817839
670086163
625546234
423394086
445260270
38953187
99731430
148034263
768926903
333318026
590958538
310804681
54444154
780991417
399725647
117605404
149061139
998627001
876422537
82530279
256400974
296795577
520037723
330476481
358048000
908684539
418532633
945610438
983701060
345466172
824475785
643518898
868068686
302538371
66912983
165845307
194007909
19160765
313879569
962934812
204995142
904838106
273739492
259439295
538345875
525981490
229561050
539923365
377124843
105983586
622453643
633525816
255295514
142491365
964002296
465859865
903692256
235051281
263986655
887393315
580517452
88462439
383428564
301102489
391000809
302857899
466947795
585008718
174535015
780827363
400459881
379530156
538181820
674199372
638969450
76527694
52697214
721046851
468967411
429822056
679546789
91421053
63347871
934842302
86428770
879866518
253218519
990121025
114917798
517205173
730030691
547951601
605667611
113459254
849054089
849184772
268833504
168518235
286709841
443368518
949345597
687169721
822898673
487527417
213885444
314384474
416571462
266582657
35431325
885538872
696404712
567494465
829476277
612268934
354853118
915905046
344651804
608071636
906026070
312085953
125276808
488573112
860037554
583460771
454548717
561607994
432645542
723382221
730126229
719355382
19267090
531988177
259041454
694682115
19515593
472926897
9066588
288603407
739509554
897014264
26658630
435914265
317025080
856134906
48183199
671878198
624556303
245351354
279949833
383098724
557437306
257742993
871671835
269991211
841203763
326220552
831599205
126365656
902119124
414241785
845721037
921386213
946229961
104762490
468584679
818261906
430205738
330167619
959381664
169715291
79698234
986040293
458145908
396723314
694691551
358845458
68601511
171764205
604196811
201067695
554862929
161634116
458810687
426534763
431625327
300014449
605271666
115740883
426380104
507390789
382499019
124617492
281293354
181245331
81896333
749878032
999507236
512102071
80045650
811405251
534333713
12260236
649961896
992479620
408983549
197169798
351325077
477585059
368934002
955521887
678652753
923796930
969672355
137463440
202848045
253814033
289994240
808119710
369554915
568890696
168026851
752053933
693508187
449320204
933299263
627920872
51714587
785322851
140022942
984276589
449244453
526873006
996536824
99206348
519352626
405520372
296376145
723194054
735621782
665310147
531232293
266790886
441623428
500904647
256770677
644471472
754718679
546764917
452591182
976789945
115655612
620618032
581360229
661680150
922454587
367175843
142117373
974169173
5015045
134656666
810962113
454259498
661529672
807498936
553465845
33398649
65535659
702358342
756592702
801157440
220184840
287824994
67948326
661808267
641245992
177235354
306279739
248481022
724000270
611387272
225270966
692172233
84521655
806631194
206368735
6976241
26323389
348486107
833661765
31338433
483142773
644623878
485597930
144672444
304639165
39063775
30587444
222691176
593938468
787180145
23848615
814123307
75005139
944313292
475931573
568767482
121548646
634727663
817248504
698065267
246114934
42519469
242753852
330636588
701667015
301638938
190129180
727990403
650125044
23790945
759328835
985784168
520931174
97443117
982972963
825570338
136506891
13560406
48261513
582961710
800740551
924626480
397085016
728262041
721456123
725532940
149545874
695521120
360260603
966794377
246102739
458891888
861830198
341372942
789528476
416013564
643011879
979657655
144003966
145653274
855964951
755849152
131437442
376896124
853292268
114410404
54982814
842315510
980487162
955760678
277793571
633744064
732903509
674878586
214522456
306875984
252927878
364068329
2397103
613188480
330862706
101016193
72080367
45209255
442389134
714125194
461222818
85401012
546299201
457743135
83570638
254780503
66108638
215008079
631676627
919400906
181934834
539175792
614232767
14938347
494936469
892026338
648682410
80356330
419421275
863204865
387232313
672349152
227273194
242145767
138053983
410652251
343161960
62650702
455861505
638067445
629292247
917084322
575984809
28107799
374827456
659555446
282888302
440936093
874563524
914564928
212853350
909014709
306257071
679602469
923953056
801193539
424145158
572635465
881549868
843566432
288356682
121298532
368431936
515629875
363444299
359002270
926282125
706606258
421652971
234659981
197190054
50945218
151744302
773174862
79053016
379088109
432730307
214457669
820024201
159810182
129022596
885393903
68824891
287796018
564996371
845294298
88989557
989141528
270446114
823055776
685224311
558802795
944354308
906172598
74432669
160314958
265174868
853231145
866921215
539344190
87891125
64111268
442805759
92151778
689802482
374375127
471239886
122532788
588832795
143780439
134859322
570371743
29174341
56200564
858167760
446687063
901494861
799673668
288344942
24457326
475245796
826085604
583260121
272116455
732258202
510209141
432431412
849949421
215956638
151868978
389293610
156364114
68496597
832099369
248515892
758299078
58990847
572272129
733348218
647823641
716052567
868207539
218195383
597743259
776924454
76363143
896946673
530935666
728553162
37807966
555392991
203798957
863893570
138653111
475915411
448668123
648862252
908346822
298617543
864818889
60215799
540427504
21183002
128712396
225043224
122215245
739527825
284034070
694487374
472876042
931857711
263056292
193599932
2569445
713315903
970524385
78932587
610262575
353976402
660002101
648070541
909369393
863801057
364480462
48022503
192232820
813148584
549401106
953095993
111766126
266736346
865828144
504709981
140435700
847056891
729753205
115167296
586584715
13787274
809654669
911977109
945644984
925227313
105577040
948214429
638543215
928617777
879663367
101322141
135110530
392181819
601909033
44479922
108499228
966389494
945018777
300732047
779538077
346936234
106344391
743820554
613672580
972172534
101046887
606624631
819229424
830800091
721791926
258330491
844587364
383962947
22823951
642748700
309190259
128400990
443479480
800249825
909535118
175659198
901571965
44645648
567841017
355997350
941641921
676340244
322386843
886660697
829588642
954441272
86113283
935933032
550778177
699785862
908105566
651825063
158926844
579851341
482625153
880718769
690698183
179728869
264681715
713522133
674993920
426388325
694439475
118473399
226638149
456490944
146648948
980726466
353652943
567006316
336723815
295294864
95862911
511627009
34471912
925451552
466068280
120585194
861384584
16846457
672887407
622006501
521187871
831814250
54374193
3813024
712533019
745072376
36058244
829731085
311110860
711052163
256119410
5550334
682041913
335273910
462041278
681207212
316000375
815694220
248213528
505240541
963505435
344076438
16867550
997977347
122044342
335452181
971078892
983428925
204814989
643966299
457951777
726002860
328296900
364842321
582332235
40829918
109914696
618390478
723077355
273541908
181958992
979196764
279092241
716517256
166987025
593649870
397724467
482987400
261860442
498454346
988227940
225365876
842530784
857611841
75859574
964575125
193064022
46938466
800520401
397879010
543421116
110988529
123881869
871718015
475830849
558730455
765064285
438261897
29637284
340657991
711803804
211596275
172371106
843412396
928113530
339358130
437062266
178354349
822345529
698922707
676808694
663089821
776804934
371855829
373218013
852664508
188947305
566282034
752119325
841984057
816677396
148056792
952972585
793075616
872291158
281319786
351806071
489871794
572098034
381443354
830529784
136418189
445555981
2900889
979830584
226185862
342259019
269409201
404540210
17120899
968331907
933865256
532727071
597653193
158237436
905945084
302834052
347184741
324743469
54953376
41685149
141420864
55526519
994657734
934496480
927817676
128493871
138818902
270205822
700591904
372778607
100735605
837010092
818334587
103636494
669357027
44520449
298411864
938766228
301577010
168049114
759614486
235442265
700776185
357267678
393679701
606721268
660101729
593380793
931464736
567571456
635065941
925401952
475614326
482240026
712414783
255948354
610733896
851233684
526154175
163842151
76528642
626889779
853368594
894863229
583042624
522725621
939383677
733970839
314008200
93477038
902019953
73622685
328919303
602796137
283406715
575115355
62033756
943508443
168496147
846014843
363596251
803562087
771416794
839210576
138318465
336347928
95158929
749052360
40097963
473829455
765410863
116626605
100719234
618779456
11489833
536278209
994021428
803389861
122765400
308029627
896866898
24785352
234168664
78302552
480097840
517575378
653417906
542131595
313600172
821914052
240662789
677196422
477992491
12079583
368923350
616310955
200943862
316598630
217879666
241041825
790428085
983290528
357668429
743663670
454586336
369158261
132458230
301124115
25064473
255223629
609153742
921931370
132525332
843322405
233922
612623171
213414134
653651827
7271117
527014305
328082231
247933906
56727079
658591073
112529840
425650428
127418379
313473701
594765409
345298044
554515525
237709845
181104924
912183953
981373514
488207611
133858565
966348096
789331725
158923037
74088076
251001818
80854407
206613408
94324222
81088328
819236578
160254707
587256506
826507695
687269012
767855088
74441600
743996090
426446160
186971439
22162869
553864538
500445139
616928277
751678934
54960664
854638122
932783857
819660968
688527987
273507819
953519533
654876082
62839543
112442569
728964158
313841361
45813327
935577565
260681934
126901654
607330494
420936641
566674512
433838188
108205652
187045951
360796139
704718093
613492111
547767577
726880961
19873000
900729068
343809237
771551933
808206083
50963710
556852141
627867050
739491697
830359959
433902934
246884130
745715854
546345503
975848287
59557214
592158829
763942203
172755499
571576835
223789049
446208491
990767698
657627236
406930494
177813648
18423375
111648586
643822110
418707303
838529546
663695110
171952722
34855135
287763394
980158804
85818844
697131887
460542206
825310540
380008197
894445139
72194670
125724050
293306993
900559308
37797615
885465822
517017863
63069466
309559008
740806911
509277956
152843057
250950498
916208450
330656704
121890224
27857035
974478814
393113879
718902933
490690275
565066600
606274419
630970020
545225404
692093262
328101906
5767609
369920154
708110103
752729099
294631175
686350504
46036092
47706834
724148119
784018265
417241048
787217584
93577272
10564310
149011891
98936680
261514808
65220340
429593383
235921383
945593727
256588548
629035261
517013011
599795174
194101861
123287429
230765194
591843616
667897042
411383451
450127576
37817195
119493553
202856674
184964721
658360409
101409117
85187907
235024879
885427381
502428954
22242462
831521004
512993264
23770704
930457683
774508071
88991044
212567418
10429453
34584770
469155965
491981066
404114132
68951139
686082926
527401560
152232684
130442893
47814953
563616134
580570468
85632148
535626039
783427141
123113220
46502799
884836258
208301126
281527677
622779990
710730080
156286490
454300994
76239695
180057193
237275028
850747765
269048236
449842445
713693569
156149357
918998410
58190986
560263488
840465900
744273911
940181399
845214935
874716803
987996352
261347420
307803622
926144851
796973458
91230763
49258070
843476256
828583372
110075548
125003932
303879713
673321979
133806773
758180706
749561673
313863966
995455734
452825789
582912201
297814530
19035709
591577910
69329291
77226695
4357749
909795190
821500605
944539148
607526476
548733760
932535499
868873896
856537381
711196701
518363705
800284495
612971122
214356313
481384218
723046669
191876596
785263931
248884999
325683369
395960988
998446671
639547334
243933073
451272459
74975886
541747603
470308168
666553795
611076893
547534862
670911544
373388435
221551818
615450691
980914910
622801929
400502541
702305157
331855662
111699241
220668862
132140156
577186714
435025174
466040726
152749735
626901769
103821008
401634733
952585137
352298347
400081404
444648822
596231420
703870214
519624708
990495374
26694733
186178502
454088618
574229594
857090045
827477052
648297764
325057087
660908314
271099692
578075979
215729822
602955353
542291571
436398683
587611861
119478285
723940208
906168938
272228019
203358329
9989945
673862751
8459817
214804643
926460506
453108639
811036062
630330720
972733346
654047787
657025452
11428199
108136405
83771398
868518244
788129808
732069161
46091682
301554473
855685204
624167661
517284295
311156909
18975583
953682977
898768769
138453867
530139537
657454058
263198237
733497865
519960354
937060988
741957681
734764996
716037845
195066319
398317410
198884916
20316016
52365196
855910368
31744215
13017952
792198117
900262458
801147760
376783629
798870491
102702232
232468832
275554503
619986526
543625740
294530086
426185855
294910860
432983952
956325391
952364917
696182189
542339607
324841622
485759528
284297287
59606618
54313724
331879958
457924027
253198640
352195973
362805574
109109007
383940187
375823526
753823475
136718996
176971285
130607103
935589487
132189868
215592286
211143989
752176394
759218026
505674074
30878600
906645237
791174378
839720342
711526506
339872918
382059948
36368127
825632445
518873586
95974744
879946168
850753543
406415122
133144807
202949516
769220696
94770165
586889702
145044221
701109991
723608698
174531857
831717093
511714536
306721724
47309379
722858524
911414469
659043756
81048950
942293068
418205344
872223327
634529761
129731849
64612596
16589708
18616328
890245040
387979646
114591071
622707559
238733188
373522545
608368718
294199055
995259592
555655234
881088757
992820164
109281577
457213806
19868372
940998669
968928341
326590095
840824399
544303216
90520916
352384506
477868517
32813983
770589850
202608195
519860096
752838050
267220790
388966155
771454377
9982181
776945800
738561800
632689740
15678988
112084344
93574809
162394394
959860287
501746394
43483150
952680450
611027970
353213307
972548821
404542991
174657999
151655267
97883741
571477567
242176182
450268247
49346083
127506517
73374448
251954278
647366612
826212497
519175067
36332766
450183226
529157248
665794918
188745025
14363339
533990257
153345720
107938147
696384650
113206006
462200892
592384152
918402807
73228862
945597458
743467979
477771852
972771809
747639597
575655592
544249375
989815779
878440190
446111809
969838647
951814637
698066086
469721610
630543486
69757505
358570727
80726711
451431104
24365644
121988087
465794442
558355900
127850158
426248940
107256902
93572515
888449831
699641053
11975321
814195044
497754862
607959651
144483247
470526670
208115599
720138839
867292396
50447729
451095380
313404205
20286375
255426369
863986642
490007984
885969854
933744146
848578711
819212916
237691601
725460706
793717354
703486042
136332958
921567511
982251333
243589859
15140025
723217516
943230911
879631697
537412559
440985772
340107699
681895806
764028794
548223297
254550996
631321189
598671026
705646375
797241745
618957400
961072743
661228387
961481736
699558948
447488884
662576798
371288215
685180485
388037503
17521920
241182878
524370460
939089430
75950563
767960318
954229454
799168078
563707580
686377502
189096988
4693352
26485200
870992793
621238497
574708497
978060140
105076037
25895874
536222867
902317782
644853273
349811961
416062520
458851360
49370909
863551403
121428157
273175475
401248239
361982012
290697395
494947469
886352471
82303176
570898031
506829141
36532630
370066108
70536720
575426483
559163095
927746423
601911683
282672240
401501271
29136531
113248731
506577308
55032404
649471597
408895089
552402028
999283558
824957608
11253388
901170818
541025362
132681544
26862644
794789953
347179907
317560038
289737421
86048730
399863214
860635451
592877870
288912195
83217910
515930941
864338677
494897356
296193716
318766711
777569595
697694986
200419593
890818326
56788645
255451996
392806274
465683733
807854024
392089831
143157692
671623763
145777000
536699406
656821658
172639644
331489358
4001565
490199681
473743130
90050294
742579246
186894932
535444515
31491440
270112841
51375455
748346469
765010196
200085522
919629531
395096143
750296860
120049124
138430820
807085504
228017471
531237093
125285589
35871494
775843276
268443280
560011608
921620275
805142685
216833266
94259918
989148394
73351182
436975951
462891523
163401475
179555196
649786454
698845989
63562988
772415646
602737795
664425808
389942194
655339669
584055338
785038336
405636528
556620813
775985507
65238383
784638284
159738951
190523971
673026129
935582226
458967251
233037737
857202501
116626287
302387354
803978770
105774681
375738535
240954720
421182555
539140009
273026268
923485361
90502349
336589255
695901006
545756495
1015062
85843199
201096163
437586751
723397886
459249042
994207564
351899744
524487425
631362199
511638695
715011395
304388327
447220920
26494997
389942415
156939772
143121284
692329768
960918542
101412316
68068302
54389613
375111222
459724662
327415880
298596582
550227010
516521486
847013940
95983505
370052899
785373490
149596019
807639650
361287728
608845061
654363565
713187471
133332485
138242115
224826165
700860231
442630441
524563437
727355228
832572856
681503208
870476511
377418975
494938101
824405178
445487277
401844066
199516399
905211938
729259945
350629333
307955300
98297783
197643272
256455156
468350681
983016761
258567526
128506682
196820840
867412586
782870246
910008311
853261422
921112360
134834475
406638005
216259153
511914263
133993232
901348360
45933823
856986094
278767334
540871923
681391271
576770962
942715988
733424021
334499252
524492285
84053353
642454551
622790067
134212976
751426058
91140747
117229737
9993583
72163781
166566928
729922521
855034026
76575238
435700294
628662738
63926065
842338298
697438242
575840327
976331529
598786601
621774149
685833974
730070286
15162424
219741596
306841248
810394763
953165617
641340499
187403399
37218969
136311401
810193465
23948297
887737458
753850564
141178033
750247392
826014344
160261312
480169912
533564721
236836550
915870206
14743810
153278966
610724855
712182051
729119292
439572736
163485003
203409793
125406709
893555289
71088568
345148305
52912888
881483330
150830273
546769738
68886729
40565593
683081138
731596545
64513889
423334947
337963460
58208273
26098690
16494155
218469585
506268602
550058876
455306134
274655159
417319037
608585099
885380013
129501088
190220742
177469100
145502442
246146886
302875809
891574082
317235453
500540465
944486969
198718783
651370737
343773058
120121863
691936329
26854195
851718407
756450218
302705493
189681867
814658490
328804183
206176021
33128074
687589136
608751248
340950559
962244294
26070285
949535657
700140658
8087724
992272751
877609758
6106517
238419636
33001918
897680599
555655089
533542382
694683919
606890223
37429470
38456977
727012085
729365798
917827523
578730491
485816015
73049368
620928709
152990857
401853550
827104730
186118930
89442685
288372329
527069489
904203330
314442613
329121497
456860339
175046688
173910599
186986448
181153205
412330235
72504717
78833803
820501675
606047098
773517721
427391897
643476567
664491049
6920333
225358717
582318572
585650823
711174731
655367939
59095884
864165587
909737840
886200613
902800869
851696876
27089293
282386709
608416557
341531906
611508205
65276895
516578593
785418804
104779695
697731797
50265390
177284411
629081951
870767064
635847861
255116024
150675312
131840779
919607072
157595644
357199495
354441995
595762818
68374226
9809933
654858701
785056164
772064124
393575665
540373384
623760999
420664958
822760092
84693907
762196863
286784649
2487154
131291807
72203452
107266848
681539956
974985193
137067610
310621906
698268608
772915470
565737929
848943919
904756249
337861353
859055914
261955743
692303347
454818731
182846320
554629632
109677432
820418836
326693755
355769448
360792219
802971106
776434405
36068663
887665012
391147619
322853311
890152165
522439426
247573114
997419012
56495733
222558306
134486622
367117638
920826913
759918443
785371919
622287183
664674691
123233271
333859448
779146786
815536617
788678178
961993105
222682600
750871961
634928292
549376355
106641409
995720511
204863812
735592165
31789173
92528823
126739784
207158835
982680988
501695561
454731948
832616351
558191293
677290253
819619324
925308930
450633517
432054119
563197200
925437051
96728809
686430470
259296498
728391946
354483439
900491027
542901403
577166038
503879340
177829694
979058744
463037100
26066556
183922555
198629264
910372080
128967730
177885399
117530914
111648717
679580959
572262861
796781419
237772251
102069465
468917095
15597533
405219333
900971213
578794732
330656383
850216373
117741554
442469232
431124671
324741344
342960259
974026073
901907381
846839598
4372118
733482477
162393049
30438674
917405031
361022312
940810753
46372760
538907711
910858019
10537828
71005021
335637231
659835599
308777272
437706696
981269045
176891156
842926028
734756609
755685887
26098763
437489333
725943792
468567994
868614003
50685135
664044604
842640075
805108868
363400553
847012193
538591344
525793601
729967218
308512726
886815913
523294322
207401838
278239975
434152340
70456017
349244995
769789571
582807967
510538618
60012618
564077011
687429773
755454997
151349971
295632012
781553759
588839304
21575803
102638105
457453306
72260938
766682708
152609733
729886157
130083261
852138277
120993852
508393213
582105494
429506577
247725477
105399815
489424766
525965451
392068507
559880783
727726798
14374429
142688749
238265415
74387046
559282112
925695188
682358394
710632082
73843551
316428505
151987737
95419353
419066609
609441043
20196642
38265668
614567127
750082798
20865280
466705403
871076649
529258493
901327248
153099578
776983969
859243414
642524343
155465772
103828272
54921477
883192569
118202700
50126578
973974335
45106097
461925041
752185874
727464491
25073474
826029424
43892995
177061211
921448777
315475955
786502253
794161770
206257974
253585731
396760920
227123254
720291133
120353920
608898098
474134732
273453497
238398418
333378145
768494192
393864189
437206417
823415668
129573109
407925468
726058597
103547444
453031565
187983637
708249669
33012407
213057111
534279093
929421753
390118321
308244221
97414059
29136925
102405990
303672032
282722655
351683261
530795285
855530139
472037181
139693382
329664870
745490677
230608152
515559366
366501220
624472340
952765782
42433240
606561801
213207602
768491836
562625596
666239166
956475473
270875264
551767924
22048935
657670708
481189676
264683607
965914928
578603734
293820531
920837270
882275765
429059537
125036882
265587402
284589675
597074062
257797135
466770896
195081091
488405286
982330261
561582310
965393978
787612395
604015549
571955778
819996
372507385
134581373
519575513
181499209
257972988
71343436
56064495
915643696
405049463
320748101
734074975
983653196
614568631
507428596
718445312
43628167
632465478
836549065
180734193
82055891
94346200
647505088
277136981
435267837
482351700
838719291
253178166
269964094
442734839
825133943
123300441
667758575
812231667
642875953
849257783
922721007
714219388
905322277
690881054
119268850
78586729
277472380
955438397
693155359
784900976
526400061
589299877
269882805
215465477
622550421
351938695
162328028
122571860
629075676
597595865
604923560
320311318
850774030
874887653
763046156
528424325
998188094
283321083
193172343
493580398
132578865
115893349
60316138
890417494
659290754
32101339
969004222
936763134
987539736
514675933
574180461
366456148
956492161
844063265
581921624
579042582
48518311
744249652
701614441
530110338
194361868
159054352
850421655
897652249
33942005
465984163
278592925
884646450
749305245
471765268
230743199
734400461
440174968
291059336
477334306
99465722
323160675
298854880
888745207
163216762
813530812
462925667
529672909
622539324
159505283
964110884
54098257
60539945
560876887
755712698
590650283
755238754
914767049
441071937
505407355
801225405
907056099
784000279
538388206
508877695
108281898
769131405
243278156
548456866
60190740
720612461
500438939
235867766
19467340
241700497
399084527
685514503
704626163
928757435
160570179
716647797
745384671
214668435
777187741
306261557
970381132
367838023
914016663
737664533
661426312
419424017
391406289
420998762
55940647
782310847
929876457
164222545
403958603
25670964
712679410
316665694
746283424
65634700
552533460
618267116
307335196
951617986
156297970
864477710
732891773
316868148
581125506
478276443
531536583
210829598
637054351
354434066
578667621
551071013
944614950
92610284
823011381
188537591
513609045
878952028
970848437
443485501
43174572
374807039
469156464
608370333
691472732
67956240
674005032
96522543
538739707
833856579
48140529
695037676
698334288
781032301
864422176
131976145
111825095
248475110
342805742
748879445
602909175
773989714
152466810
400040477
866599997
975478190
588578067
380209042
706946569
559426503
676210894
750121140
786749893
145367358
211007824
330738976
65839949
885012855
427261519
604579655
571385785
475402047
152133682
122236424
108950699
16555857
254212568
73292145
117547318
449534662
822171589
720456493
223524375
827154750
120496969
90124372
655149292
561591387
322849765
362095860
121017889
999060658
964733352
760284133
996944367
175741175
91023108
915300667
913270382
518284626
372396673
484656166
846203024
524530355
606892590
955153722
393602563
713621509
28445866
511149881
163156170
703133807
84122725
239196897
382804908
57136045
181837620
37954199
618727431
504687384
252566411
592261671
356264393
217299762
205062155
205725112
245557288
296085262
121025778
158827669
666886240
345938803
496000187
513089263
870469157
102892776
320759337
116588071
669030636
201721554
480254303
832186806
757371712
564377027
71383702
140176620
474029423
105737673
30647170
92756853
610425056
283213580
537534875
819205800
500513341
742597029
24930911
746070629
891198643
998473041
757414649
558084882
196928195
253414835
923690496
67397351
208823962
96966184
36501773
877854598
298687738
516756076
562557755
56059449
933649454
486457808
48752420
407678877
592195480
79399590
352952081
55136887
362613169
743003308
874342686
715642862
338116688
751789949
314229842
229315330
602779341
71644490
639916563
799707535
177575677
563607059
719621237
386399638
660573242
608639361
116770587
811777331
125395436
531844693
720353132
911561242
18302500
769105551
171756470
463014331
701021492
524708550
370667569
63634661
120228209
97526607
631793874
458344897
849316555
946023715
687660226
304612247
17668204
180093141
956836133
47760232
743700199
528973721
434159870
256789792
137613081
403446808
68567123
115524869
935291501
641436606
27086110
806110352
263058508
51358931
121641035
964080000
576067480
492308603
880231012
696295689
589835209
512024885
7156937
291668115
310564951
694817162
596280361
180749506
874910302
405632845
228509738
471126852
934606565
662669607
580432996
72219646
66116414
501516470
40260866
853924266
142953075
919863327
660034618
406011582
971222257
781675652
222607933
399806088
126500606
102838944
96101776
716335815
467380180
103258712
8003929
777945130
650592226
456800642
958694636
378018879
862433486
187204373
701662083
797040051
702390331
282095078
721776048
621023096
783611547
614553265
474947362
779080973
534416591
987498331
37608906
358155199
621690334
260216839
757961286
748190939
363055782
706579414
464526753
830435962
662354477
325047034
460897443
165463054
781847675
419592078
543481933
644281160
459312802
97660367
293837562
161703132
379755444
868129961
782726228
15883342
482683225
110189941
794964314
869616167
97688271
832573219
227771365
571894956
92790057
985732651
320085894
308362191
544828416
637128999
991314504
207182892
962176032
452211946
372645946
744023706
724320376
768644230
240821217
183633177
866304596
387175131
197852661
98576391
255305091
980578888
114459732
590504668
943285180
761940397
460120834
893489802
447029967
540408551
465384757
392336376
378657553
637987002
700698566
923485968
275116000
544529421
130668859
89808383
996741366
355831156
833832088
573578093
124475385
927169657
757211270
843296332
314344787
955063930
941872722
422166229
788159169
56332453
12670896
583960700
670789201
325308082
477450501
117819168
865716632
795351609
510155543
244374184
433338610
63370460
20376503
560970962
607899880
3561713
650779344
457157597
359392869
337127784
30735690
336384605
264297440
640463311
32197289
431158578
448043592
974070010
853324806
88719112
882918815
865995702
672679811
553708015
43820135
2646663
524043534
909536766
797998271
34199076
6427301
83853232
950085887
26803803
644824193
410502118
30365515
148119889
867659715
389758383
485247672
750911756
578659340
749545111
243891418
610856628
33220040
544451361
584926637
886544845
633170472
320361803
605056898
158366634
874069818
648877032
13529648
250629703
558413797
811527918
137345131
564841097
747897501
87431017
591644899
245238046
497933135
622010414
393357934
218109201
864285148
878605605
821537308
442944487
480667067
65428725
53801114
513887106
462396437
491244103
400431950
95566908
811605905
5488848
106449893
538192074
506882231
119979540
788821777
65296028
784023809
926166907
482653476
531921309
866114275
926814727
777159354
216563761
401341492
23033639
434672961
265626639
901639243
108726620
561087478
382306309
26671696
467404943
896193414
489068132
958649045
149141716
437151391
622771302
7146915
543601283
13479727
514029145
516097174
654817855
431841524
300120982
433501113
767011352
684558643
299615388
693826078
314234348
516179148
95167569
337267987
803368461
213310559
238907229
912095080
774398036
473729890
938766776
94319331
222439655
427834907
52968375
371581370
864986298
528256028
231244636
261103932
394252107
745273781
777201106
49069961
29631656
929838439
482571074
796643007
614397081
634702813
342985436
928631429
3398312
290669356
118415767
806766772
356496267
357322995
718861852
130894302
831052884
510144979
77729984
53492539
937979885
130698359
277590260
655482534
511470738
508834896
769102818
905722844
106625028
398820275
807309157
136256683
328658713
142396582
785416042
795572146
777099394
980917829
576719926
780497705
124103537
695135692
587264477
480599803
52458686
158642680
464010456
736027922
668787658
541740440
642036812
459283894
524955150
772143423
967282780
36425887
133494670
736385597
794665083
240119697
135205871
454490591
228892732
316380935
596887172
866825125
111953080
373986565
847742953
541189357
7000621
971846489
236325048
594265097
304962643
141300086
605424128
768973099
729844359
126728137
310713538
224397522
586012031
835668687
996540944
405811162
724610925
130035614
142196758
371792359
222671662
129918980
826282949
451564393
298816266
275686472
170905869
263285698
649673036
18648822
804475054
656673657
843011662
893316454
103455105
490657
34616539
708879233
769463755
616977249
835607369
80177292
841374770
274135751
768362330
837915713
679946912
345489606
820467678
674660021
569798317
43139340
657095352
248597617
347220084
808427970
524284089
518125953
71713667
26473476
389291126
728705072
683147132
84819139
474537877
639118589
85309795
361670767
200514173
854773549
978648015
36121541
787467192
820022784
162773644
408345873
510454849
695236907
753835479
183438878
222413280
176150147
226578217
879508631
424747763
573798301
540452952
949031851
91924253
464682970
975505327
333731730
45904394
511168810
418550868
520442270
150287398
503860663
882113037
350801570
358634211
860761051
239439463
146101403
533300187
254729458
406963627
896271387
949966364
13315457
79710264
172379643
189465603
158804833
904404626
614213366
732603133
444857577
563245216
677043737
909540547
391266894
10775466
955444940
902435704
281842685
328403561
52723101
785703347
210516597
256041023
144337558
923794000
347996837
142955312
309610538
602726294
402435290
205881924
552692657
415750747
138108539
577588652
605216349
296913371
481993277
219429714
29516503
779367205
635191282
559076591
541424103
26458175
422368408
349385394
928893878
704211093
677788955
834133331
342430791
888305551
942690705
339284700
664615902
290687541
334756363
974226439
893413834
737191653
32624714
298622842
152942399
170733253
876211493
758158747
467646623
210721121
830104813
349679478
990088326
465296094
908756068
384028780
344270620
183640828
733414174
125680850
740368272
411203128
959814180
82799062
152025030
755021236
422083762
816640932
45708776
756840124
643383722
791638961
346548128
676008436
942778154
499490526
846741688
671505999
110165625
314388310
882227119
940270437
664067787
724831796
258082882
425340207
108860576
602353501
461497386
694791101
728034350
201865657
105994228
540364881
137181070
110535609
147902468
559264831
779692892
46127595
168621307
423076614
837766555
515169434
99085049
633061061
867176312
798343088
304567059
977341936
112731397
39310529
770128724
629315536
616658677
880727957
907172094
578035604
335597809
368669479
272826704
63632159
423051487
231337283
456513391
560232556
194389243
604415859
119497387
974082135
650543453
140635045
249675100
340826360
508320830
201276500
973887420
375497141
999619587
130970830
205355428
964867335
22797710
828000503
446699222
639456386
708728459
353871315
217491989
44326268
575057145
342835044
960474778
998108631
574172326
269504520
558341187
768561569
726436730
530354925
595160055
229496535
523506321
844835154
570322894
31827150
46111653
396726665
259840643
45731239
380213846
465196070
863114925
403011555
145712925
309814147
42467941
854441383
516201813
112476281
751284002
91258958
455311325
564275131
89367588
29483650
686296003
500225126
650561570
412732732
883096402
98237976
642229266
406602722
943073129
65068511
290946224
989184781
314311527
550786866
887432371
694525372
15982935
603063648
97536927
14212211
912877794
140004867
868653594
281595958
104997499
472453947
372854915
560308823
889245430
314738855
442308825
575541432
667480332
92870394
840790515
550576734
43624722
335536133
809695807
986697850
400604643
100642030
828398983
714916170
651428895
568347705
261957893
519928182
171411352
359494819
534140392
936805497
352016037
255310337
218401455
457013536
580280636
443772721
17322358
469526065
758511575
312147534
897583848
278508259
257534280
738374362
829084992
301159001
73910494
491297150
287856850
327031489
591939180
116255832
894464010
95884426
537119889
156421902
468328959
708531240
368433073
2469351
497853089
720449109
110296039
716254543
29978996
690576674
12543615
899817706
12619090
771055190
211965239
910202937
49563448
469499518
501093651
731164791
770658518
427520496
74978292
911031720
607068336
666917471
879803903
501532345
615318249
416923791
510470599
83647207
977971383
878903671
938632909
475824471
451869131
48928948
44595365
481848127
592021973
57138979
234182184
457157415
680710520
446147422
219876703
582790319
768163292
720970353
166471461
391338161
1007201
241449753
302369880
608075536
908367223
34690135
962124233
376201823
451613925
472594831
459849030
282101659
204014853
250998290
757926129
655883983
152443589
655037845
137732109
744465562
712176824
224430644
54139328
245403695
670578066
274016030
828194014
291257709
994986383
994665474
682595869
848509935
236115226
984965749
309101822
996998801
19655883
271226054
373200623
323786159
596337236
685566004
605887818
800352088
936564294
216330298
456236071
89007882
871368143
446484531
