73575321
214539441
430888218
248069644
205608857
1399645
29556539
224057252
139364329
234981845
301733857
201020253
469312458
314837636
106484985
11071413
140395471
162450237
81256391
409940203
53602607
369359926
370839537
129451075
162876479
290725460
230635509
255434841
491303696
103002379
130152229
491137193
243799997
487298623
165465013
449408854
414956445
121279730
99724281
54320775
356261576
401458141
181599206
251832210
142553953
288084191
189161799
282949425
450534429
270418193
119147803
430395213
66036295
416245517
59846288
228912775
133229153
216739973
484347615
124532849
319742353
40758023
41928219
63542351
28056647
207393231
439209381
443013093
328672961
38933664
423592045
184934537
366649981
31449427
436766747
435462110
245791796
52186725
144669711
122584402
322604919
263817516
52979615
388641213
106321210
39084079
43812166
239550363
182082230
28159781
364083213
1824583
68917805
406011431
491625112
23232629
39662841
357092670
466245721
368335803
322284510
316095944
53270341
115192667
273803548
416295267
50654777
19595344
468481991
121582665
142179746
217345087
385400181
121417537
32244477
491721391
86759793
76056643
157529931
268842023
30474603
21613145
196924784
99392409
353882753
114808072
122625037
393545593
398158918
15128937
188139574
146701603
257483057
167668091
261894272
31286605
10221536
238807225
50881949
478703527
360389891
119319871
122306791
172048249
166995585
80809447
90027815
253755378
156866091
247557748
448855577
187340695
195429069
72038537
212991279
475569997
186846609
335616319
295373769
11263704
277003432
483513343
157965307
34486489
151181436
419859579
65773093
161402972
84924982
42913220
66364677
371573049
88491267
114929645
43621297
255486853
195739091
59907291
435500407
352605184
233723215
384355983
466204055
429152283
456394522
179195336
330980459
69499308
441069831
126354227
80763012
218073263
36125748
238728319
178817928
187307183
84846077
170849197
274968331
96029235
140020593
341333009
467602283
228511861
456262655
437481759
410256891
78259923
497389049
345757297
430865108
157370442
156371459
323327339
12780901
39024157
2522675
343761362
34781641
369850681
470115591
115544653
14182121
6241339
280531150
193000049
119806699
365377227
363849247
394775031
461406461
3869843
162366218
355266923
158639881
44887049
292748681
68896773
123146973
216395909
340912248
480270257
373766351
497283707
303597595
386547253
462566041
232378448
156566792
497347683
28487305
52940559
39150511
42669428
59181898
319681663
235669478
105246774
111317066
99518725
426279981
72723527
29646745
14904375
354248628
188286627
59791426
73255485
257183399
109196575
289651395
24353823
89466831
89675921
21637532
319322605
402481352
410461749
51701053
59048144
407809431
6446535
111988703
446959945
49115963
97428777
192899784
284785441
128933727
304216849
384304169
55213710
303198555
413950915
70118085
157447183
28495717
56167689
230702669
285679119
165364263
446612241
310032944
254831097
36288163
257928652
411877
365027692
94648577
52112931
424075836
2458010
58559469
462322715
375676131
33933609
59751493
68575915
318719051
114943395
299050942
129281397
170157105
102249497
43232311
166533369
185954855
71728031
222701058
416657525
283665325
388065321
289527943
19956445
69154596
252074283
204143273
69566473
117101975
298791851
47937583
467435987
227508037
32755228
429758703
29442346
66688838
415768372
24276438
385407889
30711767
323327380
14689288
127127051
425576877
484179777
293660419
37789909
482165984
16361477
454447437
192089485
330684977
170233555
212045933
399839573
422307840
416189208
469406048
39409815
141239235
17343631
433103979
368747275
50098859
289120857
398189621
116787697
131147407
422466059
2195588
88117351
245793439
443143051
215244403
97628493
427322829
435162999
135418404
335746989
377782654
16124017
27836475
208467631
186357573
166140585
34565381
34923590
8587969
3971429
591581
149827206
21315061
433695561
18574481
497672095
222816420
416764103
40717969
353963827
265488337
42913557
442081177
11281778
412314787
83583757
35168447
265895791
18746757
96845027
101642781
322787587
112969043
55737435
31255219
225584793
221878019
65820599
260508383
230465989
496050206
261099966
380293195
443623443
194795527
398867678
441295539
343870123
241889957
482013510
124092125
7378295
451185245
66173305
444918250
289758208
76015239
406344873
55654001
21020172
3189901
83554959
343807759
42417122
139292393
301321155
268001915
361170415
293399931
28510301
91636405
215708313
289610267
471929601
159331755
410663971
297055455
26885472
254534093
465203590
435157157
378626221
398840061
312600579
371057702
270016487
102358787
373331117
176361361
84270963
394351289
105809439
167825924
164417225
148226561
307118317
391996556
416228478
168288734
111654663
444738779
186183315
327362977
160607221
84371094
486694733
71271193
381426551
439838382
252063464
272888317
374995539
56947861
171728377
113854296
354263739
441744865
216213083
227594855
44364404
300484047
48204322
150173843
468309971
138879723
298400404
201686467
30876279
140887058
369975201
142530943
11884013
56158517
469893919
172491236
66787787
382846829
170020606
448214337
248943387
348342246
147360831
50197105
405290107
319089210
164051401
185812023
187092251
380264483
413406879
157714831
107006709
387869378
307888675
1574858
26749101
32547256
203261325
57625381
173434314
499494703
126414499
185318327
481911396
22566597
284067740
48699183
331671604
454088346
423171698
80614991
228688768
70532529
130812097
60237051
315879916
294863497
246049073
2972167
101386159
85714129
86945177
134651043
473583507
394833853
136225901
332610
353639285
265745404
484216167
27073599
265240107
36888844
138650103
173409679
59455441
422717843
222108863
317385221
303064365
71538737
398000214
31753133
142071267
455070487
18248361
457951183
176192162
264297436
387181527
277578321
350011565
474126705
412229365
323595075
295218733
474713444
250185861
75116195
240458848
160660204
28447971
431957131
123807224
167098073
105366809
109520841
16074093
253733849
426906063
245396635
325272585
251164453
203407943
467343853
206234939
221656305
351553211
382427101
485953741
164992915
86263600
335965308
65377797
424751141
85818559
286854708
399464586
262262596
361970904
66181610
422922799
390418875
498138741
46730023
57516949
29763728
82509041
499849219
283497577
9415105
245245853
35028340
260579559
448653799
2372194
393072675
96568279
280183581
201757953
82522021
371434675
288021553
344745505
436812473
139030872
430564066
149925357
38495458
119084838
11896261
30935243
42007637
402315135
455332162
14995839
386090262
485095890
23763058
312197657
194851643
33178163
57443512
229879983
220015897
432355487
158510353
113088573
28923768
364952111
314846529
37703965
236386787
29126259
382449473
99457435
168157131
239271715
249382794
132910766
358356553
187537231
90104185
326622368
16110543
45436347
267876383
402200806
456790413
291639441
140656639
77900234
251075781
124358328
307780217
471091680
56713815
392548747
10438429
11895759
257500860
325284959
475857901
420145823
280669395
284565551
19603259
448826527
23837266
195244229
7995469
308451995
382781461
98099655
61332540
398892005
69794180
255467099
227350987
26584593
47106541
368007627
104484827
224440499
492365955
338523222
195532179
475337945
231071969
205970610
413491881
414831005
457513745
315607959
334976829
238183141
100173509
280838266
113267844
50268951
402340671
47521489
284979123
211380310
145621143
346311663
36530491
215415323
28036940
263881479
168258095
1401657
58147281
272742923
225842155
476771413
37524321
421374336
378367536
268596291
53603122
218117594
109685473
11116867
33725553
444662301
175558183
60157240
151758743
215084203
110426191
54099417
262605693
395405317
191737903
408226838
167975157
228268395
49900337
196012098
492149873
218158433
197413755
476555333
417159533
423255911
453326745
454683855
270888423
257952459
149538321
250749721
476070053
259223795
188124766
9795605
130144273
363682951
69952845
281903019
5025331
106637215
262260611
267631025
428300707
453998516
102116039
22534042
108525087
152016377
218546140
26933137
296432988
342218072
3488469
213592521
191732159
383073393
94534551
462620585
141025851
244072875
139628483
43354081
3296669
327753249
53149688
133440945
117694375
49360709
341602139
122719707
82256101
30120929
390350734
10556810
484119445
492466773
33090851
18902708
70741328
177895167
45835846
367174315
20113239
49324315
7025014
138103577
432397710
101559565
26982338
499681737
345632441
166610821
43035820
348929112
494364071
22443684
408628233
112058448
498062569
250230374
234778155
6576847
280351303
51387065
17133657
190728924
43853839
476482687
209631632
114595167
80636032
255467478
481769485
27007447
231049971
488794499
165111026
89705857
16612241
192093364
89387596
362244683
358704186
58681592
137431971
279326433
81125275
46060205
391384881
5446023
222548755
52421213
12022871
2900058
103808281
29156529
119887158
73920297
431897393
255776966
188515465
438791601
11244443
96543127
465799049
168552591
11595803
57168251
258258447
28208043
175519791
347646043
390452728
34223977
406327637
27884699
239808588
413711089
203079
57451646
419157111
222751835
109872859
431179983
151910069
139939317
386594691
198055403
213859615
244750259
453832369
402375082
183541861
391334990
425176385
75599089
59887581
436772187
59025517
318146029
391238409
234545310
92050251
207949313
195027465
424636064
162092189
434836053
338347153
162295269
492287699
183762441
311305281
28418735
114942427
463215349
168358053
1537118
87528930
382217669
172545553
41361299
210850927
356087417
432696290
136027311
357944682
418842047
499057677
416970199
163246254
390296087
151515510
255296505
24503575
346542975
106190745
186595765
207637204
444537899
348891035
199924903
54558518
86454492
228343639
169500945
49669841
396701691
97296239
63456947
205177537
269841793
104818248
416028463
52187387
463772714
52055777
410132069
382614762
477371631
253360445
45861016
293925894
404875955
227415697
318429469
177677106
333606443
5025236
385314310
204402519
280174447
11497389
258961037
366628939
166099205
354720158
342556957
62800897
452016397
406013906
194236611
148116365
10832154
110265076
126561929
400863043
88579029
36693999
209735981
65950659
216312620
181855173
286134729
47446751
409270871
104564201
225123857
169135492
35847613
36696343
299796187
316022060
48193733
58757224
182650999
140551114
339735558
25207955
129610187
218010131
357480037
323846799
366126497
294570369
434111875
492688427
195433413
448949081
455640601
405169396
441157918
98211397
13282745
227292647
145658149
422553619
258115026
370782005
17947287
293962639
333736525
317743474
109984699
308188433
302758874
218893873
448739547
68752608
170360007
78349735
286762739
27840046
402196535
79147413
322410415
262566587
71835839
444102003
137773843
453734619
275529575
78931761
51946017
288812323
232482587
123862343
137624117
490597613
494644349
155571406
284560251
254639051
399573056
320803128
62827486
128590105
39697001
11567033
197342713
210057010
16174947
484105454
164155231
344629659
63252867
486565647
33454422
61346883
356925827
171228265
441339677
132455405
250160029
419543872
421267727
482642615
43406215
58891847
399498405
464308739
140721429
110316834
218947791
40294485
431119962
208033453
95142768
470816965
145858663
292485483
107132151
162033611
276590937
271287383
6663269
266101980
184111207
40117693
327448863
41037036
137604135
195046718
99750617
387764165
114590590
447276522
296664957
84254981
432426545
122421539
48563721
73147975
232738373
193769689
39700635
163858335
401803143
61101581
60933475
47661807
353587064
94323804
135953595
56436177
365611187
68875042
322538157
475980571
35250911
76245195
443275783
172855045
271291913
43026399
60619211
385882503
416561097
283542345
470137485
348987644
405963883
444959383
348393795
64960434
138729072
314352607
228818769
40532215
375454187
216010421
14452197
155299427
310334225
150405794
211735605
102203590
219280836
34273761
78184161
254531747
110518959
21459943
427386793
381810873
490744521
414264181
193951554
333563795
124064701
90347215
108809615
456286763
35306597
457203409
21247197
100293847
197814193
176324143
67084238
499526559
392334565
7794613
154825988
202668792
158200407
366561593
304872382
303739419
327093531
309314719
58271166
437612491
257032839
411916135
245681541
174035537
252438493
365891271
7599333
302761372
456238487
116408949
259048135
417803262
499870536
206553507
444355285
123942905
382877651
11439523
123469465
275212217
19234135
204553629
404139185
103692719
71115223
135269743
407432137
324466932
444584463
391961479
188337599
201617303
230135792
434019141
375652841
408832461
226168589
309510349
211593833
108665251
425919300
396900143
26468513
352048012
103453653
397081976
475990917
486331303
334779675
25718560
187801697
280271988
230272190
18199057
383964707
227645589
153468802
217655022
52112521
98053265
35874677
240450121
225928743
192268645
100727437
27839761
101101108
326896027
337350111
238953117
435561280
189527587
135853261
388287969
41575599
165565091
211628121
17566519
78154571
46407798
43285079
265956270
326679786
199815445
284155329
136902669
427461033
437624131
280815867
479573556
461935572
316690546
146281853
187864315
8959193
173267468
215704078
36318477
163495
53054189
275271595
361982951
168839955
337383033
176529098
210415555
2948125
388157221
154240249
81102697
360823195
123783506
273317144
113761157
323598951
57472473
250663827
177318162
421354780
31479695
83149894
309548528
274428417
229431747
497412843
209645786
402699215
139375097
172222439
329120887
118687465
447494033
117362013
287527419
211135244
220149289
424201151
214083369
34564686
4699579
221444243
395387881
128483085
494761387
9149037
378340211
478492036
186071042
55658373
326104992
143808913
138808267
135653520
418237330
294498191
59324539
54141291
123455584
124957815
226363732
452576471
243645279
100115941
496196662
457430877
311251185
216345951
381632030
451592731
250910637
386331609
173036973
72556693
441072869
94056537
81705733
319413083
72548573
267776775
301329633
398653565
411585688
440137902
460565261
256081193
160894269
19889802
236480663
284349855
71105793
462844395
163184501
314751074
489218513
159381163
198440127
226727876
301985292
6330333
178320607
52895929
392661943
277615757
51710799
259992989
371672296
133416533
5664247
444220870
327451484
306993882
269132611
165295347
173389960
155956049
421376543
334284231
102104027
84115382
118634086
173209821
46959777
281818587
487960895
462436465
367457929
112659199
189164341
169443221
118989533
293743126
148597325
11651476
71358883
200308126
197902641
443031181
259982835
203566890
313510227
87434319
10560772
8901013
252729668
183950732
164857064
100364387
18234963
266961092
184479769
63127225
440170913
157697722
271203989
354389983
46392363
138661919
467049184
235556707
234363316
12296893
29299833
382960641
23948369
26916894
9526945
148109185
396206251
269509780
351676075
135974654
283202275
362236847
144875667
35931943
472445755
235990909
62554505
416938896
2952001
173292451
480066121
369381090
330990173
177528287
150029251
377382538
316190206
43336611
39197421
50553522
55633504
494755429
359772341
5840049
21672323
295557462
153949235
344136751
65067242
5625312
480111405
274527694
294120335
51245250
236717813
192824269
287236159
299272319
109763165
216446336
472564772
16087461
12085601
229813122
193615749
162114853
33453836
436064131
131709639
72651257
412875829
187343143
493664864
198906345
119441369
441595363
494463807
273390605
285732116
485789227
205274093
192101697
260316921
425652605
243346947
497034733
118476873
30583107
222565231
154498216
247029443
121388179
170585677
259115045
277459477
290459604
347488075
310913313
226523735
479197715
309822747
65657741
92799036
229745787
264564088
212240405
171341151
259027895
485631009
383331443
171075299
117163279
75433141
431392219
42815885
318780089
354685131
87550936
275621372
3508537
242049152
22650815
51154894
338893005
208024037
328614371
129352609
55512112
65785861
282134522
460968004
375608607
347792263
53767040
31612572
112356351
266007446
202953723
297642424
177896631
12543343
468717723
221318087
87976483
326368119
190392149
333014749
107311428
277943085
108636121
110819965
446250413
57545113
161974861
285143420
191827326
490589231
340754205
173597614
56375094
122888727
134565618
358241879
470680992
114590833
389854451
9295519
380598279
19066349
306937943
484753089
31609694
201913843
206071177
45844355
28281963
396463327
378859103
135593391
100664589
487495225
172671534
46915003
471298515
334646395
258316599
163125841
251493804
25328982
336723455
234127074
148217709
397547250
18627129
45156877
12138083
334739756
54452398
318994541
353806107
287648517
303747630
311673977
489562360
436076984
357518332
444102499
258798487
236377437
5954067
359463075
150130839
178625601
332636255
47687531
13271995
17211031
210813371
191023975
42540013
473795004
351409227
117015899
371342254
370036356
162172777
309738513
131034287
142883351
128733055
484840395
356790045
358738862
222772547
272610582
294815846
80290881
216713081
53614333
242926494
222667149
339335586
393057333
401292749
98230018
440744863
340822923
41699225
77816413
458105076
84239238
51611417
309514303
201255137
349211847
105808835
289686092
85208538
236843123
432569443
213941594
147941695
215617665
72680456
370714244
488228247
293754478
377263301
131199506
273626987
120189795
353866655
39220749
439505303
181417581
63708943
306508345
448498681
105408167
384324758
406603757
189647405
362194351
142376236
317160719
137664373
174443247
106846811
222872913
411286371
465674433
363072683
485486242
181292100
362011315
282458662
95778523
82023969
159721963
226978029
355650955
206169934
7102862
321129882
145675237
188520443
384838826
452183583
63277299
490246993
262766517
469881057
106152577
51219045
38515469
423313298
115141595
212958717
30160109
338014507
50503264
422092720
127345367
35989506
29642996
489356681
244706343
125421519
71380651
404428307
352399551
353289784
36856418
359502413
174419665
182531655
48022857
59258491
60973415
37558334
475763663
249998110
7439391
81916239
301217155
472213037
5229537
416358751
111429929
461647825
180631435
161933193
309998721
307976803
124180875
339641718
223591662
368887221
465063237
294972314
199573705
317462790
74520274
236430123
103223379
248939939
345219955
77504413
234456609
406193372
115062747
136478447
82449657
48760313
218394689
383666813
20973352
149882404
226283739
132403281
37788405
333173351
220594653
347787127
67408332
344775530
113687021
290999994
139920927
78750260
12230484
265752808
322471226
86750757
2182931
425694606
335690699
273661063
3199019
496405483
106112611
118261766
132883933
188562269
167022079
277536798
72229083
114253609
427419202
224771000
246656891
391465783
57944351
467251545
165511087
51610859
238285251
279198108
342610855
304464354
357948368
354841339
70217161
106677769
441592097
498658269
32372375
203540973
272319331
35571395
199946457
378431944
80091337
259088565
66994213
173371594
36625363
65481473
287625203
390302743
216510649
34282095
281768525
200713178
427791816
447279613
252324039
92335243
152735898
21193070
396799597
10684266
376034409
393274935
43620211
317626507
391933205
75992589
21167480
90510714
37822159
147372113
395200834
44171674
406460680
388453224
217543267
369344219
380192873
5168471
259646963
22961697
465708741
467673665
223674877
319758733
341211456
402257092
412093977
493947354
423450162
235151751
430889795
299484571
54684861
474510009
43369254
446618068
50502597
490794910
463386957
14582935
64425199
358587791
58754609
470885879
173299191
276297878
266488275
53492066
207724525
26135240
76453763
173433267
420067081
226386817
493192003
261278539
128643909
331544157
181484069
52094071
492954084
112373865
277836819
47638945
13142051
247464249
420515191
63644649
238259159
383902149
4485759
302684359
168748118
63240370
199828415
342047311
265796424
466316691
321797553
473520950
418710107
398251317
73212393
265035365
50896311
492662573
26313905
179540221
250464905
134056149
157892469
243418989
246430015
361987464
217316113
259572067
109451713
137831303
249474893
273969047
447991630
180218829
2911584
42997924
169717376
202739999
385045235
435513800
95314865
133100964
335292926
440283150
31352282
334763495
205318515
8506769
327426069
157890598
188046989
4149153
291946749
272197635
247568144
464634941
134185099
464884257
150465185
169894989
28973738
399940078
443864037
476965368
6417083
446775621
19963292
176134459
75773795
331266703
37906436
171088663
464367667
373199362
37629989
421978125
134221035
242948506
430484895
461647105
327097279
44790062
465796257
45302205
316987697
139622577
9937147
377430973
30765012
160402332
47325961
59738750
486600586
491190000
462962294
493017669
364223798
409183761
169152129
439997593
166708642
207058565
37344434
57334485
6516103
74974423
405570787
140737137
317922929
262313857
28642420
71278386
307103919
420696855
116580591
50349793
60319433
126517737
427780768
17342622
213178245
401364905
3339548
199778831
318813081
392560017
119054677
183036879
228001957
288206808
49292651
394710599
421523549
86637085
378303259
428039653
161611509
283874048
495034968
479534437
46187907
23677388
50812825
279550003
370632419
93651591
256157974
357210029
220169331
110196918
374552651
433347578
11561823
304150375
59384587
330374907
196710393
178439265
439669964
424712349
392904249
488962615
245681125
314427799
75599701
50242561
168725628
237211210
334116609
90018772
143003825
306562693
39954335
120074826
12370873
410586755
213726417
268528847
267796783
360153926
378725766
68607611
219759679
316545765
372757987
279144267
73178850
495726555
383841709
12848813
346697083
276745957
1811430
18636385
17431933
3669307
68878947
112415737
167138693
402995557
202434510
310142517
135816428
242388845
356475519
74445477
152975602
70201939
342974325
347030563
356614041
147958267
415638173
76373722
464504034
214654337
281776165
37682883
136639069
165617873
476789875
483336154
368622009
404859481
1972539
386053941
408528787
70851487
498469679
1925657
400105221
127162365
312068177
35921649
369551213
94801874
36625303
22526815
91261989
379599629
295815554
447876031
453816071
137711905
24249753
344578281
352366241
232284095
308519343
489005313
397901970
285309218
398599643
192782155
116426875
400572181
5094274
24955664
397681845
3563953
26881321
297787067
56984497
265207676
259966891
426535710
360009550
296592196
375320701
451271539
102450001
171136255
325405745
56266073
308848159
275913676
327102531
87472579
8197771
135621875
2736067
332357917
347189270
401335711
25140071
463616145
228166070
30234345
414829985
52106091
460056477
367969483
349893157
17040974
59435335
36118227
443576684
419444885
258968599
245155561
296974602
361418601
416291817
48638523
343942849
151398153
324552201
97303559
165128907
332749971
232925435
167864977
91366066
6372881
495458865
116506137
469989025
149883111
72998661
384819012
201989203
33055137
179046671
51882361
50096113
238482009
14258765
419930973
84185071
273227365
91344709
381159673
60904142
7636527
429798197
331105167
85292857
180608575
428408728
250421766
13358548
87592339
344544919
30982790
93965220
340003784
147488927
63954245
489886895
220487590
375031433
118134273
179800905
54078107
96274812
156155194
292560115
110533577
2344343
376745187
310019117
93689054
184163038
370923259
27583757
40219411
128286605
112876615
220827988
56695333
289556557
160444712
144287672
134101476
191427502
238252892
400363435
265174607
228465313
316508508
485662197
103496749
434642781
91721278
83833033
30917593
247876472
376393149
67709348
250220815
179396514
377728465
343909869
289817727
174909903
371493627
330037141
303196507
484370242
477123305
359891841
200184975
63826193
430437690
334286451
255253696
94948758
160908064
20428303
323414073
477416572
432348676
426910821
412059353
24069953
10743855
369235125
198204601
313395181
436944473
448425418
419049871
314672940
292335287
208867600
489582843
90087091
465162917
219037528
715509
442286221
5187545
200900483
6112415
435625235
35186936
187624287
30573994
122353176
134310767
353988067
99769748
492917619
207157065
438087277
443245750
144159097
307322403
141450353
383812454
170525053
16133947
302862325
485197993
308469235
437988101
401039013
398556326
403151019
46334717
399271835
271695417
51522261
26430495
204066010
487147497
61617431
317948473
17721491
110228783
452259242
297967735
209998531
371435038
431382977
74343986
314680788
1800250
381666390
382389317
385612704
52191443
398523263
114733206
463647611
133250675
52721307
290944801
31807001
382130501
337279517
357337011
80084095
388801781
383767507
284150105
302207456
371643116
28356757
246187123
481871900
480615999
44154860
118128607
278309213
401796013
192472594
19248178
403596263
397160
401637495
289208967
478846779
300160759
403942173
368752568
433411435
382921657
85955545
391476611
265052159
423235063
175071801
345136256
238295022
485097486
55544539
40502478
282998778
83901295
212947777
191128854
490775472
183360813
309257462
269084686
85156827
427988232
288332864
488753089
428385392
116228535
204220233
333490347
416389295
34420583
202242915
276058906
417342240
288198461
93793695
108652575
137691701
195123671
380047008
302244899
180221157
435591547
269005553
463219935
445751019
481953332
80606967
436526491
165314145
389864429
131869353
176729150
244110837
346460393
91740415
98754405
462688929
295960650
432244752
305336400
256639409
60745843
7653482
100239825
348944303
101447177
208892401
412894182
296570849
15197585
215139081
403050184
450789132
484144635
292528297
322798327
392356143
373135264
185582995
57670289
189257869
317452349
160657615
433368706
90170917
252398032
32123111
52859847
48358682
464367863
358196247
231256267
25113705
365849730
331496091
300316187
393555083
40388493
139468545
116384109
55586077
354607625
19434293
432633385
265010437
311962590
181689890
83624755
111356030
367272885
67553222
300613899
110983409
228210837
233982605
201154329
480608869
192363892
254014177
455225728
82989931
38468599
186481995
34361814
330576505
17978088
334678001
224131590
484624758
474146545
340515699
466469011
255012349
286208168
325360575
446280963
24428933
7050465
29905720
135784963
300581527
97458942
436398864
411564937
325669780
96639645
112719267
232536825
289003537
292991620
187762553
371993469
331460219
300502725
406355283
88294903
244738989
167291459
312426493
155621923
67696183
79200367
48349112
322708533
365408535
373709687
195247672
389837471
307018329
225153392
25622436
33858031
248870509
388279476
445422969
798465
484919121
58142237
233335292
273922657
277392033
421097846
72174303
35110430
147858747
478529587
123405333
392597735
145821047
435831827
48219660
213517231
441290371
96568771
462483940
232957083
396536636
157731611
49052731
129813141
309143179
933343
163671173
58013691
389212819
109094145
58812157
374131941
93494557
292147450
74312775
370886592
139503472
146487079
405997022
287362219
51274841
29402356
106218132
197095890
391492359
154437792
336871297
259040907
177264739
299355237
491997991
73801377
383345026
41050723
203614517
192488207
41984067
367285693
176760074
431196885
402638014
235572232
231587003
496132571
453977858
232157955
293277339
19739506
378645035
125532539
307101725
429919877
81193071
413319857
53273943
398943606
494015825
390145241
157984513
171280566
115758655
76240679
171340119
499103681
117291404
374954638
117850064
85533647
168498507
294610137
16730533
71136521
456440545
174575713
493527270
410418403
406733669
213062787
430157909
211636880
264853502
163517811
67814933
346046573
3095845
47347053
171248355
497111669
437492293
329232867
94650411
479509125
405473549
265990532
404870981
449023129
67203346
22721047
34556776
161960029
243589361
477545486
159354725
126288084
78379375
79140173
36706487
485113043
292202960
393122575
123008099
57056462
482898561
117081210
329361211
485994407
164428263
609566
409364254
28178733
256100609
430272843
7687859
87832336
122521551
412558842
36855465
189724897
361538065
497670417
351684926
31385601
475215903
11039653
157673685
53595279
16438002
120638351
464966499
308640962
440019102
14232776
291955600
422917663
131313986
47574987
335170247
295742249
474442729
170792677
323920983
156801516
27323697
257867018
244633852
149845247
96684036
207747493
339570145
458222101
131676085
117513248
415865879
33150166
54811077
73539566
13003621
71249079
120436093
477970119
306148217
60455195
418461071
24361993
409631036
49775057
71936980
171059459
271775484
46379709
268110315
21954643
129439401
295434013
279821661
374073253
445279261
376505697
8078921
211107583
260985973
139755009
328620831
103110029
172905175
309690083
102907771
185908795
380939163
223343866
90137093
113345555
210057237
8598166
137707549
45946449
484631401
209644529
143264085
182665061
182282413
411374401
130877880
311721816
206808414
410699541
112053245
78345851
213463413
46390343
289453435
400707565
186145353
44332441
3817596
285308703
354022527
106725367
471217501
161219865
256327409
487612769
274565423
466384648
422469113
412272971
438589273
333358690
48175678
81853359
16023751
230458093
493227760
73159807
468438085
126294350
483859348
6749506
204640201
123580939
53139850
494093637
24288503
239285203
38426079
454364275
24593907
318706783
61089645
422069583
479926649
243675232
335940531
254492073
136318056
258409643
93023221
74907329
18026509
141198900
83018864
34050261
371656993
2504800
33468243
266353254
128799150
17327591
273102760
259697528
67166707
326242610
180049341
17713388
65527813
144733595
472077663
16379895
463440379
459425486
364707657
443367029
129358894
126906365
124117277
265676950
385316009
217140500
340584279
403342520
358339400
423603143
363650957
156254569
426107943
397119202
422607823
481165270
340704969
121968759
240862798
334129853
448211369
420912139
351843241
439997359
65645735
250179083
382635431
455344291
135862745
173601265
324969497
265221639
300507630
449086775
30898589
112081815
92485451
297741043
15424335
377083028
147602364
305333469
33337597
499968484
128710847
382203595
481133754
395673994
4172356
148254728
229803847
378641901
495425043
7905267
318639259
487328953
184342525
127532867
442673246
320205272
301134133
193900919
11685087
101641764
69245869
468841853
213723579
161731321
192841074
155406091
38814349
340443438
386997735
498410123
266670098
15708584
306871896
174062028
337640754
237302428
322316756
67444601
42202506
243999975
1608045
360841765
231328930
185950571
488374635
100260352
432414019
215766945
294161271
444099107
317408709
363407142
339199137
457390463
451396639
32040211
39054732
416469167
298741826
426052469
341137467
65411924
368019229
74267539
239473951
205659983
311569967
488048883
199362761
353772473
232048860
127228983
140872416
389635966
313179555
55505227
489896318
171851751
271272171
210315765
42209037
14939057
499981084
381408173
472329522
451377723
413448385
11384253
294105068
138448387
363694899
135242535
203860311
231714127
209510074
369592441
363632287
447338217
357641326
62995049
227368867
15948362
116482208
368241283
405584328
429661764
350004687
321738822
27771691
47535035
458312764
69980729
62474093
458293848
451388904
461061791
335929747
291095465
398704221
56292991
429543855
262399121
191535527
59662344
420371425
327303778
429254785
284003713
274641995
213154287
273256938
2010863
229102649
389739145
296510321
60945153
245659085
72773185
308942151
273430779
120308221
267254915
343411507
182782314
151806939
221058587
70102281
413994864
12154055
468806503
470287857
441697909
157463800
88081559
1360253
77835226
415385337
356873216
288097115
116285509
70027503
61354053
44554549
225388327
377351376
341064872
286333481
49268637
413838057
21533809
248957593
34146277
288788723
18627278
143186767
366853840
239685865
213289049
280848703
251839922
108353727
177394737
119796009
265817529
265476298
47414439
343652755
180861637
404287655
58008046
297147147
400573335
45620275
341701697
125961663
422971651
109024745
338553321
398498466
449120977
360087129
147456059
409525433
75134031
166083337
52712201
441987871
405769203
192259427
149094752
83867301
300613156
326489489
129921487
66430685
91965787
177335927
336341616
199085599
7881759
394349662
496232748
408455094
439969938
264192621
460674933
289199765
299475542
299228255
113956408
248596519
85573561
261412467
84380129
160707591
353753981
63350507
102695464
185781362
255609933
251790216
269648663
482481265
4537881
399570151
475170127
96503669
3164256
237769919
295589270
11046015
58377757
218080193
345759285
498347695
408530991
232692395
213805637
208006534
31920650
327762045
382861229
43752387
15432689
467241359
204459979
369186669
30591867
307155443
54968031
212459978
485203837
250874873
194941243
489741717
76703202
96369548
12503564
6125634
334139467
308092833
17171649
392517225
452431205
289189109
317123097
360962195
21881506
30928733
495226905
480060332
284948956
378088137
23812720
226639821
271587674
154530875
22084668
302179541
461686321
3310877
14639520
373148334
254185749
135838939
362890053
257147127
232208489
375393617
263272761
66347955
109744627
206702587
385123358
62175831
495891697
202246455
349396205
444031379
159433366
270881288
350349887
370640497
75227601
300420783
97280320
346815275
454951661
119364988
75252993
342896157
122675865
16150689
142302667
303119791
151989630
5192721
60266920
310456295
306844515
323539681
303062428
342847317
30242269
188185786
331281327
452392145
316690417
106935709
322681701
476123784
377816997
99289766
273022457
453044599
325968727
370302777
299859873
207178564
415925941
375112868
50074721
38601808
391263557
118635567
267979775
469511364
50086465
328246696
279967659
356930980
78044553
9288263
126036475
34545001
197474049
457317801
413195322
14164467
64253511
162135199
416546427
442070507
261424966
115827061
321373283
13651869
486129840
47491333
220830433
328313959
422604201
197163332
293173943
240125935
315798899
61153717
135895475
365885363
315658589
415863135
149074521
393703145
425151399
275110996
354506321
48883623
232428797
267701645
489306267
222940486
429836843
332110871
91269169
117519985
447937931
412642453
131171855
360325949
460133789
352002289
188639908
308996167
49165621
481813851
49122104
291222695
469225745
111275755
157108061
284884335
27138891
306182582
104845658
378548467
7551754
459351979
353690268
239980551
153311801
342996535
462921037
9406821
101365581
54190209
53184985
49303515
393090840
184356841
409629463
353224629
462617306
24527547
88478971
438041103
432599575
63859253
229263799
401825321
175135009
312630035
112967833
128532078
45070795
144071667
7080545
52622549
29681823
287028989
292603102
182993626
56283701
181782315
118658623
157649284
162230702
171843610
206952799
55321542
356200451
42840440
334804347
245075933
67367987
423283320
183117036
426225740
487142573
338639011
254309237
88535757
151269048
367277071
217067837
196339843
11348739
150406557
248962391
41030563
437435547
467823669
150282365
493719250
75864163
268940989
151368534
238094865
440784599
284579510
219674583
223243227
327419950
480737107
468319159
321046115
330278603
77694371
173530031
243679352
416333384
427839267
332215109
493860608
221374516
49282947
116458627
158981431
199689505
365421020
126270169
63383231
259502865
276552536
57102481
335367029
471751701
134729191
73461895
338794479
419308701
219394655
62037705
172986827
126389938
456615043
494032941
456668541
460567591
93821149
200347893
303159151
21660417
32563003
297019760
243034933
8104127
413478387
402016365
134051810
205157583
28286536
197435041
464660450
231097248
254537522
226285655
129107127
389266713
226005727
467901606
234833589
445400382
456197489
407820418
71790320
339070708
328111535
454717037
299638300
421932686
81323106
29055627
443593103
40144285
326075387
112886215
48248413
165811951
441160755
182300223
297227709
395705467
379735264
188146335
53060893
60530962
414431991
182168020
376055851
140437719
150069626
110889442
12096277
32525291
18709860
10144773
371595999
273079571
464861809
97492475
195012257
46184915
126548103
64863539
12587378
452623491
104007929
60835791
44693618
45168687
169394189
341921329
440874156
49129455
30067665
493935049
35918593
370757834
102361245
411974443
11195553
252430871
449122061
449550007
284956161
394090097
459694779
82810338
167169671
350814767
180302813
288440106
323257859
306850917
353303645
335845238
185732584
457311576
322939205
230426202
428738439
492333396
498605707
295870772
467721027
454931549
216063997
3639619
325689383
318425241
341872241
263143113
70856114
217252480
138951296
282070451
111342577
24904253
364880791
204770426
375719020
45183603
493210532
125235056
278292697
272772353
387338470
464025281
156342105
210277675
120709660
85080545
128869247
119315367
380951317
96590275
505092
23273489
26488071
326194475
341698733
294618487
15595763
338813023
11870967
154547059
47141652
49471723
179451313
412022443
254242149
481428510
383464223
247452681
32921742
88015097
20225035
420260212
52040379
102825315
56796063
172750039
187905862
185665311
218323581
495115355
282255586
218828673
18388845
235001833
45023150
360087579
29620321
486877089
125158779
41491291
67682327
172300431
17221189
247133641
10581050
271463340
154820327
394045273
18916021
187742069
482060371
465399231
108002281
460358925
68224549
164798343
59367141
182388587
350463656
277690724
103762119
58977418
496519399
122150966
293979252
467800725
408496721
249857749
454677816
33655499
217607217
22360143
205955931
234828407
195751959
216536981
6291747
350572288
36840431
451465945
38314357
445158977
343123355
72574813
405517905
337606079
163631335
464885047
19994667
14094991
168833947
50014964
499330585
165353346
172165930
219568013
59412247
6920827
469425764
14090063
40576327
187032981
462708383
172790436
421861390
84718519
389327418
354411315
361548983
352426025
305877261
326121517
297585004
75258791
398696331
129361085
412864873
62327665
20504307
359117718
2680834
189338255
409132682
428269595
280949778
7556788
147837609
340362025
14477615
43521549
280710265
55053944
230554529
169676824
227844379
78674097
254395343
43429973
433085412
42202503
395856000
165220849
368324019
119699180
240479642
193278528
175318441
79602691
181864369
195822750
438720409
110803379
311419182
347853091
39072976
92368960
355409879
113168761
432730985
369887495
156690310
139699425
351199615
387244841
309376249
5302172
392177114
63771594
48732145
251520702
32232273
370846321
416741551
400556294
490545503
83479369
93834822
92122119
163082061
275699193
287944871
28060647
386502573
25622229
375913739
351833726
117991189
157581793
465002487
476980349
453727466
121692797
116679777
304927082
435195813
426056027
310229254
327372927
416085797
285219577
5151805
448318071
156065899
421893358
275132541
72869577
431630903
368967364
164991699
20971141
70924733
379194745
49031787
383685481
404816975
424945527
235519207
22808163
8785498
126779872
426046691
462512963
248472669
42726468
193698221
109926660
395040671
430185651
437299587
237384645
215405229
442451395
111960891
297729305
290602929
387093433
370598884
148492007
182318973
461848759
169463150
179501883
341043506
218494937
63187366
172118657
69698642
224964751
121184998
78484140
351744623
47231689
467255279
26475467
16216333
87211679
136402127
337515179
17397332
73701717
1158002
159060737
442411288
113118893
456790043
159272393
426470505
253647103
307764401
35047655
215495863
477227551
214549539
482797545
121980666
277736905
154916203
191679308
2701655
276101201
270163447
280704455
249591065
163676905
307179924
265807400
250888583
443582051
29580755
268285915
443541945
30738757
427346654
312211409
143857653
310394873
471483801
70328157
64041977
205506380
31633989
205796016
108992108
246183529
188593561
230972774
23920435
269767941
422652081
452880267
45869141
119073707
159842899
221718385
282750612
467022823
487525785
33639195
410604875
17106542
228183289
280404997
47845299
81788119
92616405
117961130
392182993
490358385
114547465
382483146
122122941
146181455
88279162
231115049
392364985
203130900
388345999
342543595
472898841
237256258
221682040
445026159
356329965
381524939
166744543
65338753
274805937
80528506
25236126
111668989
23893224
179677591
392073987
497996699
261465711
484690393
42216007
79906880
401306955
156763472
462390026
23429897
229203103
476927364
180803121
47826263
180058264
69149121
390369861
79215281
306405379
38310077
24241439
88993522
346093193
117244161
80590451
120899131
197772667
105826577
232568122
147924067
285504169
50900286
145920768
473228056
35590679
188136775
53134936
363155812
271158423
441783138
386585709
361525
344968677
67388832
48187791
25026941
62796129
364815827
30500400
295459687
403125906
54741839
384453209
175477275
171986002
465043661
296376407
296016845
497128413
455202705
443940913
208890760
6102991
16119857
182118816
467951847
204256631
161511927
331107660
475415056
29553241
143951545
402034757
374521921
137598553
450222550
325807040
126652859
241296555
356307440
422112548
70680637
337307455
232823933
246157911
9293459
124125769
42534319
231568479
121254185
423995199
175509394
330144945
430098192
191629251
438521937
324308215
322144060
26292042
81674051
223817292
55845283
225625597
125852051
356625382
289482327
2332777
108690598
416135187
243629332
464998038
338247735
314309969
228563669
71071669
60467882
164115305
121455615
29260377
395683785
242709799
379513754
71193179
499112922
235870122
189080608
437634859
60178338
11224668
463926901
141852389
161300135
446030362
293736163
287152187
302655744
83218490
215743139
411346342
499353677
459372473
302602556
263859589
199940617
31166227
261189434
186666675
121539707
382645049
142185230
17223495
51613026
21698984
14674851
50725948
183827281
130013635
414618983
244005619
67496480
304804061
312116186
228796615
177092599
105852349
15948804
479748343
115329015
157950119
317352862
40940867
43580769
46213594
304800457
243521388
3637997
492248067
356446239
125177706
301151293
498631469
68659377
352764319
446588631
83334229
329748443
56674089
213347863
170625603
300679710
280844343
401687839
39054072
9640961
78780440
144906421
451847941
484786960
260235435
36056238
228397998
301176305
79637007
274611592
32234939
323158396
204507765
24483007
105862811
329685471
251892476
30752459
398344847
30914971
477341089
407937253
360663415
34015180
47543293
457547195
260953066
328387639
359235035
300007138
264286775
364273652
371171735
142392893
349060612
57665347
178449131
3716786
358841654
258086139
278328378
317334769
7502711
482836143
268075952
113365524
238779791
19968427
144117983
63382816
50883400
47717250
471320069
337804991
7990606
18863364
295352185
195201848
273509179
80845397
495208985
464054132
445119049
292638898
32705201
220437837
350304245
211154333
224154623
135404075
395498649
428741177
452738846
403001359
337835497
220814798
442625059
2873465
167041401
13001219
66256281
217924803
60718469
463834527
55729793
68709077
408956067
277340157
190169101
108723423
284443732
111636263
72777555
155820957
404275162
105482757
376258797
254579407
242895265
26671597
389983485
138393915
455412776
268980507
467653452
219506449
489795305
410278511
222379915
83094883
423279733
288636198
301019687
410256380
178728901
283007658
405223633
87684969
486605991
95392734
196408391
271049723
207028998
195444124
426870682
37562336
300926881
229387655
292141743
43822147
182317427
108383406
108474239
63988381
377363913
2385867
283494831
293417395
412664379
5874748
376512280
262202289
220769121
103790143
98716845
399498024
313055977
3940478
487182993
299661969
25591388
109849561
496969869
232620386
305293685
350098727
270182722
32478743
5744557
488582643
2559067
188061987
23224225
37291482
252050367
400588139
39677349
35545200
120263709
452341727
41419947
423034165
140802193
188447247
26824310
239519037
87945271
266138463
169717691
1386441
65800433
195309081
37494179
489028477
427929467
342787866
339127206
124370365
301524785
344871763
39211183
304083851
32933752
62435409
341375333
211242295
463023547
381052683
246787497
9545435
259652588
214465621
432579601
326712958
402912867
385662087
66231995
417116315
78058727
162207865
418502755
70117335
357516945
455996936
59145815
211704589
225042978
324531197
336074955
26567763
95661138
375286139
256909792
54853066
437721549
24543301
266095363
327003274
331854162
12882860
262806885
17764925
153606657
121644663
344477883
482777702
7306751
336968057
399894017
11623653
499175921
244654949
81740991
356692869
126910061
140886805
68397459
278211217
465418003
330730590
231037155
61079141
132274906
487946949
42190384
496254631
438748427
308285747
249516081
270602590
247426783
12322967
288367515
401033439
133967629
59103577
310069317
67532557
396071634
136221512
79156212
395247557
380876461
160897203
178198602
434044701
228042185
172854237
212255917
119718365
429843003
443293075
107055683
62117909
357498200
149246067
484630717
222504804
457531814
234146797
493107394
204958597
172727942
207733085
32250213
306695571
266836663
342319532
300486306
89166473
478541043
379642518
484414029
285675683
466797897
88870809
145978559
194840083
187983222
358234479
314558447
117826225
227785729
421614131
106202311
11542105
70860199
17091204
234046909
454650189
251238003
153412479
85866961
423965945
287403743
118117176
156919693
54240405
386694883
457405999
69665055
291494105
263306693
54079087
3427964
156362765
69208072
149406525
351202849
257191293
7641004
92019474
301275696
161684909
439891782
407478007
99485193
437010157
424569211
333532104
391660346
102065389
413202761
477527307
452289511
200606504
21902661
35467381
181105087
408597545
492873379
250770143
126349825
182438250
231107405
129777789
338801017
226573655
279184315
116262041
483764949
213083496
134539693
211298821
374768405
74431475
45035005
474253600
11441632
469604217
234043879
329360154
497927783
73504817
233145639
450217295
274111321
181306476
485684675
381474583
16162197
404816233
58502904
142512024
13512659
289610311
272289813
278571851
16183966
51474129
394833895
426207091
264557625
29373587
63764089
65584209
30063239
108799093
466095985
467763047
4661487
126398042
223381377
2589271
199902859
456527015
379064741
474014181
64091667
291007595
281746942
80253866
122082005
340249846
222765890
135594663
56118333
495055705
414166517
72302299
46529835
235258589
424767565
237345638
190890353
488531656
229188023
147211769
23588925
195284007
114974815
28250414
321682049
338356194
30839685
21584910
221141387
409904428
421857267
285233055
127170199
129862385
365486922
249252203
470112231
14510988
384846869
26230565
9566693
225271561
24791040
482354703
386788327
375816783
145958517
3936857
290606615
375146542
151148626
314195541
70430549
266123441
342445955
318370777
30737813
373285639
266213863
178137376
209448243
114329307
463370431
336618444
244191691
255115529
12128823
140562099
269626518
396975694
166792665
205451387
48505431
117841881
187806092
435293759
493658663
333764609
439230617
284265279
135169327
16637420
24718997
131858055
282760861
367164951
450228833
239756851
166708769
142700871
417894227
376157014
183288356
307522835
139033633
427480047
62638365
151162459
68042149
258523059
474396329
161092989
463974445
22901762
278934871
78038713
384453697
198851713
338061501
249942492
483116993
473230830
266579912
7835990
105088885
475598951
301259119
481575893
215355801
467967887
50534943
59508205
270383077
233823299
367031042
409416713
87561524
355927583
486837347
81861849
40708817
461233677
242954840
4683265
410393615
448147887
8980155
221105490
146999601
347041655
397306157
56374769
246530661
90144245
490468937
351619548
65743197
291728056
259453617
207357175
185954119
309988562
266865383
456337199
43811861
133896425
292012087
131373385
489824008
278849437
213235233
30532825
166341289
382448249
461474267
2993081
330596139
396712599
150356747
403853915
170012432
47662907
460228687
416543093
137807154
376955799
194420819
129808527
94942031
453874437
337165704
280896153
263862999
104031087
237233352
233933037
164185688
29245439
365306422
80267871
234353053
4799831
37058875
326952519
387248083
498533143
329945603
144102398
321503918
480302351
47956315
491516350
454223435
434443177
408059445
18288765
237657155
28738440
148097291
332599187
482612877
485262997
113495339
172734053
15552260
276986867
406667089
179737947
232490485
198231687
260005821
466843539
203031521
297064696
220054235
16537779
221856015
49999837
86898355
43359933
456560365
61112846
34876283
337041977
495556023
369193903
355330741
159471355
397932343
3428035
492070543
306803397
488691032
31824059
479537452
4243291
308810928
386204541
110239417
41301413
10694407
370245238
434403129
213725927
167309934
154457363
156521885
389165949
130715379
243420239
358784059
13533922
304533085
319918517
350575899
226347287
115370599
132164818
385818641
13302944
135592853
377889185
246364517
50542061
409713245
225901969
481043530
144782349
38364689
91282947
186083763
49059095
461528185
46745068
189043201
55096295
201202431
345565085
370520419
258175988
88985327
229304479
271709910
393518413
49222997
48543985
46123875
90851774
180708803
431942519
30412894
242559833
236089879
276777413
293101893
72061301
2679383
200403599
216843651
467302249
291686547
402927414
16361345
179472907
449672482
131662721
160827379
77133089
477227809
31347799
335309079
66213135
186910456
33277165
385989725
162391629
8079327
432113603
253243403
188788129
290314297
283656299
431347963
26404179
60433712
150708034
98465481
489371271
351111633
315309132
456673519
69056358
144494722
399293042
174787441
20425380
30955765
335614821
23816645
434441749
366962623
359125725
426913063
53873079
318661067
239160965
142522886
326740394
97532745
395766289
15528523
387847043
179422589
373134663
414251221
166114477
450100873
438974879
155485749
227470685
180542187
38417446
296527043
325036909
363968663
471314485
271720465
321182605
233187485
295537111
255624356
26408284
80921014
108795595
6539539
399582081
347956561
149062425
226322475
445489306
44828716
168109176
333336349
150509481
467502015
173845748
316623959
417602891
39078804
472109709
71331751
219620991
436785331
367858795
44657901
300753995
265431459
242636543
48194777
498618944
38173655
303819133
25027228
119094670
412614727
31566767
18676751
186829465
106887367
171257401
132318771
151716083
265624753
391913297
302225566
233126771
65759045
45107701
76987838
31096025
17217409
148319591
250717017
380260918
442436563
221633093
107273089
134126197
464269637
155467867
59003317
2443293
459287000
10288721
47796139
298159903
41855489
492731065
484989370
75001034
90246645
43566317
226717117
355871399
435479613
455200861
15256345
427496836
308561
92244185
458592861
443784149
166821952
135568054
324045067
109258515
357201147
431318157
243384714
321470785
13044200
302388031
250172256
472331199
312676755
224226571
196749281
280790419
216957638
107996827
355791455
307204283
77821321
8766749
89333859
13300936
463967609
104590206
367055948
390534349
196834391
251906985
334318499
363656343
387475039
84621741
399173033
170934364
442198075
68815923
492405149
455242276
371203957
168835581
353831651
110138888
393062154
50580933
317187483
36277967
84835937
99237115
269740428
162657257
108003865
359074287
102216369
498229652
463664493
395530493
388764001
86757060
73695655
149340675
450413403
461170695
160220595
275844613
58363235
102418671
344660538
50768386
57660947
142122671
145862145
337750775
252261559
465182475
314589885
69449044
1460443
399425821
94944335
197459047
488341257
202948201
56533335
16815803
127436029
20197828
412346298
16200031
33213063
486041953
91798884
483626467
373470825
252019479
185729257
431834059
280696326
30389795
408860621
264615449
172512467
54722767
102366223
351032202
446163419
416956110
346739422
373882037
242640107
441683758
71341085
157239541
70890135
54132597
174055345
198326163
588601
86401643
140784372
33801666
72443595
232583256
17428134
372172597
410860911
129415567
304006658
191557237
159805363
139125457
456172685
258576006
120106399
484797087
109608207
66269819
328011373
456347629
440151857
70651482
324289563
437751121
154149199
395179700
491883717
328204543
93505863
492472320
414606187
234290235
26273985
413307960
393131667
469960295
211738734
303992580
99375864
15745392
421807993
185439403
81129025
304238856
444015409
201235426
289035943
53623618
267505245
43305493
436229423
133915280
40215151
186777165
71666401
194364349
81956865
489808295
22568895
101720906
482280616
363433257
336011143
434812777
202999395
155400987
404773075
414738129
459393567
430407115
356741697
307459737
115846518
437870721
111698593
59861927
139106147
326992713
39743721
332869570
370298205
402231321
466784849
410513357
15266664
464709427
104877707
97223529
380775899
53704779
198944435
289314691
417138037
461213753
224127470
120137433
116614741
55158721
34875561
2266486
485565836
317875435
309726223
27670530
255746158
347682993
13790634
321110481
174675706
479792531
153980053
44973911
308282030
47023079
381745445
323548694
437990683
486623155
420772223
318766581
40327933
45974835
34339450
383724149
7188590
258466920
3861581
50061507
239883817
464995321
52327995
151707829
209128933
288312393
179378359
464875091
62253563
119427169
212243750
236929269
99219701
366223803
208161357
407501731
339505057
16164981
157308601
277495741
2788136
4339001
22520499
469374245
50313837
56859949
279356572
483760603
241585047
209476329
33822112
481468864
100729828
12408283
133176693
309858761
226978853
238813229
200992028
289232417
358240397
413235778
452419861
457460099
205717757
86839397
291220007
45222815
103004378
448528609
248976733
32050690
452867609
271497234
1424937
429439623
254615359
207039685
413200225
496200407
416516015
373280513
477669272
17245843
311946973
37104141
327104603
465184003
275917369
28096633
180674596
60415945
367590587
133094459
17876043
73308343
219933856
235354228
44789336
322938233
110141013
293766069
354988923
489266799
65263303
282672037
418706423
246136839
489711721
258164825
242337248
332485913
57703515
146264696
349731758
295908666
109627013
103094539
261092669
385544384
57449348
441767265
445960329
425039935
1119899
390094550
424606455
147311933
51706954
469395792
470250167
88106143
263161861
251497268
77372941
254683341
460427482
422337541
820182
376397379
106760543
169415606
208883295
164464059
241938477
484873229
460372726
351565492
14225943
147723571
163368051
71675291
15749013
35586557
422973403
16868914
425681107
347579859
90439023
403646237
243233827
60689189
491752379
6395689
238444633
69125323
187337205
125130291
417721039
114415563
1527673
24481584
210089347
136669143
115203819
452027825
121542374
1834721
303593317
135768317
149558293
466961370
133701787
91565481
2547928
56675191
34692571
354487211
330513225
125131595
184391625
73747054
112078962
176144006
6400919
350523595
171527505
119996302
475653889
15506722
234411865
403439739
39988306
444501213
40108883
155192126
322787215
87909434
157026847
52638709
223677751
232843317
19600079
357379540
324408799
448406183
340312907
359101372
229151571
170826133
484232967
413543195
170831363
96311929
15945377
177232281
373093702
113731060
297228583
275005767
129237781
457898627
178445505
169226087
328658017
144812565
250676389
151445231
232721999
407703237
204083941
456399753
66804731
149942195
240037469
391213531
24606556
6608552
250314903
180016303
177434685
160806045
19817675
348266049
257117976
35763054
451756508
56469854
149494113
175243267
331475622
278731897
133141896
9921127
374216161
461799913
80991871
124892551
39503322
313713871
458853967
169845439
196371801
25658697
319787636
436409270
416872229
270652368
443017821
93445307
450668671
46710684
254251355
470486345
321234909
437627507
6249401
272991417
494097361
82001691
448234686
325572983
286991763
7634757
261752288
161207926
395692848
342744159
212358653
435196170
82716207
171212621
31299785
279088008
123129496
351087421
141755454
40001725
47997966
11031451
59705210
498666637
57742137
240214741
469152984
378977045
177842248
401660561
78226640
98197785
409920427
452719502
423770767
196912193
460354259
111781231
284378295
282305283
380783568
496736950
143759629
463499775
94207747
175059416
242587783
217337244
26146838
384343237
183597145
402980
395374690
243302356
499069617
379375003
483517097
394480777
184610225
87617521
222399514
262836865
185815307
132319941
141814543
35844251
255490311
28426979
73883659
39868607
310732265
454667227
36605557
454491896
418167003
57071479
129551312
87012961
274408723
81956326
397614375
458005869
82359306
219247241
127566401
7687099
98622243
37341675
402167875
283232470
124959197
124567391
472327511
237032680
183145509
114142055
272876932
438635821
142569036
346760591
478504427
453301301
227685997
441368161
334051373
72111175
498439642
463602685
159124139
199106543
471817187
56738513
157112413
54176494
202243931
284678816
61863593
300866177
322020491
390289646
10356823
373237865
14857037
482684335
110270545
124260723
23084565
309405653
62896543
91911777
82424421
467659149
45213080
310110417
335285485
305522629
382221595
259983303
195383489
41345734
459089847
167200677
24342425
42460437
147635347
152844533
327139253
135757118
453710709
75417921
26046764
390325710
448655786
467161977
299268221
485184507
17680875
322352788
294590159
80577421
414264567
377014582
48236570
385735823
113383177
309780231
117516628
495604772
69763537
312900119
463208681
28853385
480100797
413809283
71313822
53994322
66653817
324711251
116009616
446622703
326387347
68314556
336948414
201301309
35476533
62474811
186485817
53157410
384827599
407334154
59993007
225350341
210606911
34487753
37344341
323990089
344267985
154860970
319594861
340289699
467761089
209061720
295401260
374120061
122871003
292973258
354372559
115782995
43942685
470382175
62405699
370330034
38696731
325612289
71631343
431441
388087102
184375337
479847027
199172877
91709491
39840036
424523219
302316405
585965
388125738
52564669
271112127
42986708
372159531
111401826
437005973
7479427
406803086
237384211
130350431
126034520
18014948
246133429
169977206
488397123
234797305
40307240
27093857
60409596
38196761
453783476
448496698
222572099
433630503
73927752
314281592
399728715
498450971
42856173
326572858
312834885
95420844
97684985
282079771
393838551
135344987
145343920
401317981
42148073
382728132
31668414
94440769
400743080
204060019
264417975
315398381
438857325
304725215
268750413
425525097
342921975
222533889
300279971
65494076
82422571
374207723
306033844
408409464
298916872
275148193
234982322
111751757
370569038
258925483
393831529
190665765
394270470
39175450
91983748
362676719
348161758
49910338
457117488
175163014
180228533
221535463
490561395
45344033
452518855
185569985
470869131
221699007
408103876
271149103
213451259
416784623
71615001
19485103
325194087
370531873
220891473
486434585
482283633
17718687
245360067
302373339
208384454
65888713
267806965
300368201
428565433
42226899
276536715
385682921
143648089
456765250
33476561
60467659
2109283
485995416
246037645
472978415
133952599
80399697
170385695
347403859
497184322
242000697
293147139
248636585
38790749
14038611
235071171
21074381
31757300
406689415
249705898
240141754
472578130
443771039
466768131
401143563
485997937
243304849
213084661
55904204
126328275
172819397
116371863
128437559
85072991
362409511
27674153
219025589
442809210
124318023
66429450
439993532
366318723
359576589
114888294
405109471
299873377
349959465
352442031
331630677
182907057
28406105
498030607
155485187
472177143
464798739
482886927
384433259
134361766
122229763
440337463
260690041
295049163
56709327
315385778
380122154
345377015
343059931
99147745
288186225
467377956
91835371
154437933
259954855
451411960
269326227
91322503
177543513
45543867
370022711
9174191
228450925
398428816
433462973
310194287
296864135
324519891
293081215
107555571
458881657
415310980
474151209
145829875
136618319
457118713
461215653
16740473
302495729
230533759
42146393
16940129
124169891
133981765
97636239
310382923
11651901
366962467
401705427
189195415
338764511
197986313
124627782
67215437
22673305
58090757
303667901
319537443
382610648
23007293
353351191
267750481
438318273
327502402
339838531
1194769
210879291
227312361
17935243
13375022
457846122
60081637
456573327
8274189
194063403
54209568
318657113
205715305
347430211
146620718
394910719
186194721
344607031
19538501
179668335
367280339
3887435
483336237
113075957
312756260
6343531
466427150
6764917
370919979
220187728
346603450
372114750
431067019
73915811
316308169
370700217
458020110
376389805
253531723
466294299
496711386
307741291
211209591
128684867
81429677
284088485
23595588
267624401
54953693
469392265
373550913
422234033
399537877
283145325
461568167
212294137
215747033
354253493
219059056
12925190
699397
65662506
385039940
431766418
65836493
127606285
228724811
23856603
3996092
482256535
416409079
426965654
216256003
53876847
55650521
297685681
337965333
5504285
491568257
392919025
401154727
365119171
241411235
300692607
74522674
129237579
439244921
290269707
483491073
84562153
303194898
484190471
76482835
114493014
342215065
142319329
242099299
70939878
92434109
172353567
479454589
435101365
99319221
121968767
488978213
81227919
345912626
253201722
86732205
337480885
72378925
487886933
128858231
240048335
214837715
203380907
369285916
80340814
493650613
352776989
164902967
223103687
263225635
241385803
337596703
105440701
383705131
79696001
102638755
402397417
252049570
8351521
337498783
277626967
56578466
252735172
358854887
402491091
432195069
445587091
166230153
4573995
359732202
295088386
170880508
828095
424727469
40166423
81168909
344636260
319201590
246071877
67739947
82427225
487457680
405336651
114126104
297420987
411290830
216764860
126076582
89598576
151374557
463575365
367225544
207953023
142568713
226080431
110444116
1021960
97925699
276674269
5595955
383916078
498020832
102734639
384744173
422748301
142901064
392171258
193642737
462102654
64501311
261382686
470788055
51958991
92977513
84914161
275638156
4268344
227937197
401714737
20125096
379311753
291548279
387350640
87264778
360375169
39689247
123967069
361397129
137614947
400641340
293251259
21531025
324920348
395985899
332533374
173926825
38886963
150962807
367569561
427247795
215464119
55210423
324294027
193681287
148187937
409208187
469319443
78714457
63403561
297292358
98839553
442715316
15098813
486190195
29980093
375473983
25879441
80205341
163129288
89752565
480846681
456380549
37541767
232025205
352366449
296333317
405952031
317511590
447296125
273521593
171017561
162760245
328732017
495311589
356441531
403178133
330777953
252019152
481892591
394181515
475569686
6990322
263155007
490668500
419438693
219393278
292400659
371576311
299598619
455529947
461328877
206703475
338168672
425128819
438728682
116793297
221462137
344680713
434304888
95016439
44460481
31580625
257776685
299450677
453150390
40476393
202628810
210186520
218753722
110779577
30626211
194323408
44028076
293781219
111250084
463466769
13174497
329908919
335043081
312773115
211697041
222630133
19476593
49865713
74017131
384463451
166659011
295479267
155402340
27222075
390495708
199862823
58802701
74530569
499313500
438211268
41265139
128200485
148397788
260018861
165238240
179023999
454342269
209266316
472805217
491850529
172733085
412237892
321759447
434034341
151269185
33456491
82922653
97003954
9580382
156939784
481467405
102497569
452419051
136869745
129719647
269172937
262990743
114780523
269961682
188562421
52991791
311226821
316762907
127647755
71245682
482001147
232929932
451846127
117525640
131993327
443696657
290258725
44231219
191714281
150551244
195500404
151428949
233473897
292504357
87267507
390413681
200229940
189765077
269090909
337099685
319484723
38263845
26348605
360523425
234483705
214911027
339773394
45710526
31673935
467421149
43214383
439933257
126609259
495060512
57458897
258602586
365015345
273975800
302833805
56729625
424527044
424592385
134416751
84259117
143354920
221684257
474672798
343584860
411449336
243763708
106942721
157192235
208285729
133291328
17715662
442769435
348202355
283747232
414738138
306134465
177426557
457952521
172325901
304035817
453013033
156042976
62638403
244286555
430018775
291730385
227274358
280803995
216322769
361691110
365063114
359677689
9633543
265994088
129520725
347341057
9757796
236463448
4533293
144301703
369754775
448507131
13329313
217957132
158512539
428067451
24091599
335939097
312278151
122675675
139974916
191549361
278718651
128871496
435835917
134995605
420601881
163110275
415799602
63182827
451059561
207120892
422860518
460693106
473114980
52381243
234292339
409130951
215102867
165083809
479690831
84857645
39849115
493020146
229072953
198361655
347345775
179422727
34300755
85882102
302098405
100533847
277431464
80817057
229405343
213267381
215812663
150007224
302635831
57870441
213190051
253695394
191249509
62308745
140646675
90622665
40948166
374939015
499753617
256051035
40022823
405702625
267166856
6130117
324980947
496239809
204491774
98584897
175662538
238792529
184466999
477760943
339326376
461898463
484836177
68731719
101424022
126907016
144997119
404059853
184777457
284445347
84013425
376026966
346754093
224660101
466649631
313960435
25857293
392661425
70011469
492138294
224622226
263436501
498268411
49603173
259676311
202760185
148188072
361597025
367810889
332655073
265616146
133395441
220811713
250452323
128385338
322235735
377359339
273382458
226295589
488394972
57827805
310309015
290680114
330840073
461227293
183587921
71058686
487084586
2507522
67328331
405481056
227129747
330764835
403749467
276732922
16699324
32767829
351179169
378296349
400578719
110092419
143912495
33974161
330904133
320622995
88617675
153139869
124240509
362000133
305693635
112635481
346086116
42260827
403315595
103184367
3488120
13161694
174243053
416830882
15669216
241571386
322311937
242798963
72336221
152319582
19531887
15293721
111345587
296969233
393590072
11924307
407061653
37502569
472156645
237965786
284383739
60774321
317363831
408624251
349032633
123057465
21259734
121376925
165318293
350833507
150819467
95064589
363995201
325062521
11895472
379664417
492892083
260465585
48721558
491486481
412785167
68253445
6780201
24130756
291480853
400370275
462313239
198542507
364131020
360728061
362766469
74772935
347760559
180130301
483397188
123051369
229445943
430915097
170686469
394764237
208006781
321505939
489828827
72001981
72826635
427982475
377924575
65718719
188448061
426646133
57205201
27491405
421157753
490243579
477880337
138896785
316872031
366451754
337439291
107261227
153437991
126463937
182034164
1198551
306594239
165431351
50508096
36040183
22604627
221194565
357062595
230611407
42700505
273149600
228871567
41785317
127390251
33054317
107504039
315838313
459700451
90967415
269587895
307116383
7469173
247468234
446013167
324341203
40178163
209710637
431602432
193616156
336174575
113636595
121072883
69026991
205326125
171580979
31325349
227930752
319033722
314646123
458542159
287992404
14053899
187413727
329777721
141444149
220468046
437281761
457282463
106426673
454507354
153128535
339801234
461976527
400596769
212072577
286317732
440774933
421783215
144178339
60649265
184215967
257814937
181722149
179501133
463141062
353303127
210826485
117329990
98595025
25472607
75872149
386587429
39526507
189544054
216365153
107228834
410012100
79905089
64511297
442696951
34412445
143898007
282498185
422647147
44494778
494570763
135223055
411527887
342612155
279401397
472177153
453086297
37216334
80157477
132587433
426615572
433460607
269672093
43945562
32055633
221402879
46075887
344901239
187187563
235619941
61266393
294416397
71890219
67429659
285185871
14587170
28100281
429083879
223343531
450747430
399836833
144172469
12228661
237622897
413042801
291630060
136058227
366129099
255104570
216215705
424974710
107978317
75934487
194646803
78182055
34248298
416049684
124257945
379149537
29495423
286136064
366674107
323911820
358026283
434103769
109097691
298871629
388462225
38181571
448473336
265467831
364276579
18903981
277696495
101899478
431946783
69326555
237957705
224334061
324431125
454173409
149308771
432409444
30107899
270213751
10591499
64356197
112521611
61107622
369763912
142017033
347243685
236438019
465928855
131528145
96799965
1284722
356657951
485262192
39466293
305131287
176988199
330001050
324035270
454684696
431900528
182240229
24011251
96116409
406574291
274700551
476547996
55883061
133368171
432914071
252354990
70217849
423528445
364876602
57583647
293292357
6893635
404827334
455988554
472822491
462613656
52788519
474107214
319271607
464308888
439831683
50661070
67555263
196090909
300954516
22239959
54249613
483194745
472509388
150366023
389769038
173468115
53172195
371910275
306836289
486086265
50523443
303312315
409614711
415400045
360895961
129165245
422293681
191981473
11411975
321374349
154595129
64200493
221739739
400124912
454767557
87829597
450785982
22322823
283920508
177998673
470820960
338170121
161193421
443330348
414794319
477220635
43056641
467966515
275389088
349892929
454052781
325912531
79463421
289925670
241312576
440359384
345349091
89864434
132340857
356761066
337496959
213194162
347219737
59236699
113319074
228245471
73324473
490363231
176826471
283503157
168361907
147647431
47931455
255813504
17235955
462725775
233034139
60292595
430692291
8423228
336443703
311003250
260593935
415907123
27187096
1906511
356266509
372536187
18029121
414865542
155555429
355526081
128059703
2775165
341020956
167636953
231020637
340603605
158000187
407847109
124106763
252620270
481752717
172038217
8433773
498988673
61022169
167726090
485539445
491714462
102407494
321983149
228975888
363001429
164148449
182421160
291166117
20414957
54957347
309195237
361538677
136770953
90979495
489598381
139546120
358258627
83493512
296824933
198862233
241493699
130930219
249227171
494113969
112682937
421265391
428805920
37929785
482287562
96532009
23469231
400260200
198939503
271710557
55494264
61940934
435859007
237915424
279365227
382532142
219130948
14818641
170328995
355901901
105798137
86185551
421706197
464056763
169679063
218531131
89177174
411172764
349461353
338404345
331544910
388402465
185927914
186609006
426332253
94473652
283141015
376059662
420992028
408338697
74028395
476486292
396537807
436145577
140659891
175903035
244935895
286049015
190721675
415264891
68209094
222777990
1450444
489915291
113092929
171129509
134704600
202270103
8560449
484165953
466932627
266363535
298826596
79118717
452972541
151417025
173592370
162371734
27476687
20842574
70710431
27763259
497328865
467248239
463908837
64246935
69409449
135102909
350295951
186389303
50367802
418505045
409167293
51818245
334678513
22260224
149205931
469383113
150788503
84024555
379807241
117721132
350388092
178633837
196839850
303360633
330050864
296690396
465732367
283785727
317532970
462700975
237807161
241120011
356207391
127974175
305366947
425616841
263077087
81921075
38264319
313444889
426684295
447431614
291521311
261362810
469691838
366985419
157004099
46738517
451009976
36811342
164459651
301398068
141703357
287557677
31016877
471754221
84248073
423007421
181798125
401781043
385708395
419605287
69159232
168173963
47579464
374526179
20048981
236914727
382705431
58313302
50359615
309389727
5744916
268139104
497010713
401694930
61382699
154014813
448433447
12392675
117084331
39151275
240048919
258787687
326708951
271065797
156800085
410957025
120331394
338598209
238996245
6039791
184461673
308155477
100471929
158299313
108939831
120520912
395214042
491645263
178834214
371831833
227293167
184579130
66229113
150562057
12532236
127611814
304576869
460965683
66262665
421661202
116959
306311585
106707065
326825913
3635558
263507152
164041115
123966951
28363539
329295536
56264919
212825213
63709189
156736850
297382704
172649021
277257762
118854922
90552461
456091976
490686755
244103805
66929282
483174047
394665862
79461518
37044037
125500907
40427203
103306703
47162109
40544163
409618287
80127353
293628251
413253847
343634505
383927543
37220799
371998043
213223079
93485719
11081434
276932267
250222569
308464138
375839465
27480331
427319059
466391928
409830483
344263993
136753909
476759766
327438039
31419771
56221284
364482077
156920680
22906663
467788782
130340965
63450825
303665245
210468320
283337255
216919093
54102825
93522975
180398069
352359046
306746055
273883788
363440480
9936499
450364533
171904618
385775966
404103041
25481853
278426070
313933523
369745848
415179979
216951465
123442063
372857925
273172751
487924143
29778605
296079414
381971101
86377749
285788417
111894524
223104245
495383847
328813617
203465245
88906823
9211687
55824291
321911053
209353651
419264771
331847553
85976359
17427567
143881695
490079401
42909421
348565943
230271101
412655269
190004098
447222569
36097333
62862023
146653496
450279653
18898807
442732909
258508931
31534731
154779503
370403455
254638977
76421528
125475247
458104223
165328351
60945111
13928517
487239405
196556939
359451466
245345137
282533299
303137209
315485009
272612701
346046629
164050951
2883804
184960075
354055051
376364549
147315587
343175251
23018045
23853415
362074059
392009132
208620523
393608791
46788635
5282153
74505945
49468339
130757403
32610169
214796691
117960691
472796863
128294273
314517630
258506505
299897585
97050930
61643714
115382595
295921807
333948519
205691725
225063787
18908597
59746776
101428335
92482360
329180204
50704558
42593953
117512439
442713690
251214475
11121229
415760501
256496631
11885351
465228841
387254035
44495521
106283707
5214726
17292383
234577982
245990531
202057065
34475569
343041461
263700779
76116341
65221446
23907476
281808065
290285233
42816073
267813019
391713570
61556609
23251399
442418127
104150561
140763838
311389993
355365039
78143243
227150495
38119847
90028596
118637513
425373882
134524117
224921222
356846784
78074678
459499203
29095491
280131743
420232949
372136955
470090699
422607467
437358401
493998175
130673709
153901809
463072425
398486727
45615381
24629033
421738127
414291685
55037773
62501965
151939856
336660989
66903386
379090351
374780836
156931981
497727865
226412894
291456100
148907263
9517854
295788953
34664645
38613347
2178874
454897593
410750302
472269573
303763237
274366879
466267749
434436947
428268690
355598350
259181852
400142247
306485559
107178156
240692107
361523334
95938297
392631965
124442499
162841684
197980493
499223335
319773665
121966536
225636229
37487941
270873801
235154083
333276897
305538446
273767429
335455771
186694217
110775907
307725345
490457453
311400964
200251270
351152578
165927829
55849620
110334429
66070077
288593355
217512585
233020361
76374867
313450884
51910503
200817366
476292568
176149173
200040701
222324409
298115709
351935105
259812353
495247685
13347366
93089249
227044307
287114795
428545022
413738525
324148881
162528543
330454155
135549845
289037989
107864909
301477676
271145785
218199341
293805930
59739142
361970103
453084467
136114009
101679164
4994972
336931375
4229908
107402321
463230251
226554319
405518029
315165359
486366671
327023893
328512725
5714099
54068202
41885697
434259121
394064903
366034580
23045839
150777236
427842601
312083830
258642147
155578454
9487791
476841488
449384384
69226933
265069768
328727027
131599118
366748932
259980175
468530493
370978840
367382497
358018922
97533159
199158703
99442457
10158007
26182597
427955183
15872107
6508975
396099058
450131227
400573879
188391814
399435245
51351115
116234415
137777251
309993261
271812869
147265041
213092927
147455429
216491975
478162695
476182458
348091094
271169803
162420809
242879763
142148643
29803307
27156861
165939977
228962013
126599319
176097986
181402785
54554503
191970093
187911761
376911737
68359497
88485642
65303551
467794743
66094933
107796141
105571994
376088195
379609011
252837035
15439299
453322618
395587187
419860169
355763251
169936457
191029973
18184063
412816222
259436791
47987371
439973083
425376771
203207559
66572403
101474757
384610347
47385082
293444849
72522110
350554995
361804347
87265928
415858546
255857267
153360861
23654689
361429261
455707234
329521877
40524473
471146533
209102671
436111663
317264880
64865924
32306297
8294853
9308163
445122519
193989821
57295535
311353779
119366593
186761272
304184357
147099527
497629795
277827615
440544378
496410081
54640788
228606901
9934185
470499334
484464170
163295047
420412199
272151607
45260457
176192251
238934258
16406991
385294923
101304097
259930047
376419023
133610393
194483077
385727188
4991090
388472899
369280899
316344869
7839493
56042171
46787404
81197195
479930143
250873195
21741573
476340223
305513983
176606653
486274410
202271495
87328999
75827633
48941870
285738783
121088089
225134123
24673041
63753258
36687223
125977137
323683305
413106248
259587533
18166381
225091611
264578623
332897457
94372512
7181669
266995128
76672859
53969073
348192323
56603001
231100445
296192075
459201403
36614429
472798727
371733989
238885925
486385904
373819798
287827795
272124687
494907889
439220093
223055904
484919323
475907318
349033041
234860803
315271741
34878752
179285363
40363355
225715551
12182821
60994043
232897219
279177949
63925077
213124469
53628449
46786257
444224915
349820526
5987660
407097521
248877429
303979825
72241623
235263333
104057799
360069419
433646197
25223864
225547689
156702102
10143187
127713184
431993319
245003991
442984925
466872071
424289355
409606457
118845800
362730351
396858675
351743019
68166477
460783755
491125666
121794929
7570012
361608757
471615455
439815848
268706279
220492885
170053849
340947901
382014395
274111648
127275497
315660594
299335511
352823187
398620872
309478699
480536371
330614193
480740867
349779473
223744441
331288397
185644107
342590242
194018751
8760959
120591437
262185229
469544713
37975281
383980157
477114725
399584037
281853789
343188749
94548493
2346675
13242599
435496396
310619248
287354248
489030069
52538018
12947935
268111433
451158889
322426636
174905980
208031259
229425679
24685454
431775701
60714078
136587737
200624119
180991005
145348697
247473734
443176235
41151587
285449015
253414570
18266313
185033053
35268359
287713241
279581547
463873211
300955841
141336119
200750635
14568265
56624365
253288653
27516201
324735798
204447544
276201013
499641777
412478803
5626693
450585407
270512679
66340771
13431321
397394976
173589953
158780017
144868710
43024363
199931605
430317725
296438933
144456097
41608953
257965470
432169338
247448677
148096857
159383355
388784797
348847491
100209796
445409161
28394322
127725997
196403135
232841866
403927011
196044915
71578845
335811881
72888499
268349701
328410827
86319821
165744677
2000782
245099840
236871563
45025145
371289621
93447465
267722257
15745719
135056420
25687727
374173234
382505097
100042759
459814765
197548071
375148429
60024561
69215409
403542751
114008735
265618546
62642794
17935745
387921637
134221639
280005803
460810137
402571342
108416631
47129957
494574195
36675589
218487975
231445761
81700737
89777597
324893225
349422994
31781493
386207821
301368897
332212903
194971095
327669834
292027667
392519167
202818263
278310406
387992753
32619191
392319141
79869475
95261985
336513064
467791111
229483625
116518868
428601250
58313143
151193675
401989383
52887340
187869267
120477359
210591277
269570004
136513133
461742680
45251174
168294627
347950501
272878247
507529
42921599
100548081
218793375
361698941
229624519
497103781
175949871
262243712
315681099
255819347
357505697
152194163
223610459
13247498
194971207
78469885
71560641
346164883
480459269
50706157
34034149
27194806
187555609
229862329
163707939
149298289
275113503
258260741
423506969
47991752
185026449
392686743
74798009
403819823
180643863
304422530
327181782
356593735
66666242
69121057
112413082
350430115
221315220
262281718
363677613
416286427
340751603
435238255
188709487
247469050
412202587
222743638
200922031
99758199
452605967
364629972
175314666
153977649
49148891
98821635
128227577
234175340
491508380
129283761
64253339
98410419
433706291
391435121
455004155
426630709
460556179
67417237
203319002
108129576
255957131
66996615
450674179
22966911
428493045
139383665
270435961
340695635
288385479
471357993
366712010
167249625
262246142
42026676
321227275
311395033
67106487
375713027
45570373
58614868
4996791
36081890
83283463
364961260
427517011
38287617
217850145
314331367
31963032
421169147
348719119
287920163
488165764
299393300
310887074
342916985
365035141
7581211
109870797
153420623
405197381
476582808
320670249
93701699
18609484
68155700
405096732
11974148
443868727
376925281
70589016
375123695
413007171
80130655
240084955
266782360
118418273
457935101
7371903
76639481
305362427
356091025
364559645
219786367
81742501
101704896
62703354
446777644
35544283
172574152
26456443
440741663
75415136
273384867
34443364
20282796
341540567
365798272
32256944
211667473
168981729
29104136
13049343
8247077
109234792
253134299
275029437
227653065
137327579
208659518
304292549
442690006
64750543
95110369
88734549
72751219
123073441
151437904
445787039
158617726
250270232
472243484
99359391
325685368
171886527
60060931
345968164
13427097
425859203
378225107
151352746
94840933
407329243
164402091
103088010
16564035
343794567
304375623
170475279
481122145
13035142
474767828
350070327
4043861
496136375
438804877
3053258
119209817
16500957
448840299
277827544
266771189
347341959
303445111
18714733
19228488
363506042
364682897
458913761
289365245
242908007
36524683
310464354
76495428
200926773
413552363
93059463
44721342
144186164
263534744
452101663
157221306
164560748
228430169
87523343
86955299
93493223
90576602
206165117
36252358
39416901
410250837
303023547
386758860
213695948
321738283
332245524
3460166
112679358
291159285
292825411
355587365
327683969
29547941
432082793
454868919
443100306
451400434
425848437
13544646
141193354
304208278
170765951
305754102
32638447
258289296
392709401
52389847
348865898
25132693
88642205
314540975
435383531
317923930
127558011
75337655
65920389
459803535
78797821
178599747
177220997
297881407
34187111
4904966
327429350
392528081
386032061
196787832
270186691
311880499
210332477
411380045
42346953
381098431
143392324
1243575
65645903
36101725
53633423
340769977
487492596
68533803
155310951
349134303
386457733
282868964
424471959
452378124
168930676
429527955
130977871
346151673
227409365
91423159
277314815
54838715
410209417
163346877
177884723
180396109
401485551
388217202
18034331
443832505
195573809
161426655
445076082
261219711
123786555
498709505
28247866
111279151
67243309
183558817
460413456
379959221
392685959
311143591
332337345
61616635
166929723
389573391
407768308
394339087
480996552
111341299
375435980
317464145
274688177
53320704
497860255
102431905
367796082
15894586
46264411
63369891
103579417
491340493
250847780
227365973
416308175
279095646
338645126
409809661
462654463
225316758
216027059
281598599
462718525
48364404
343215233
129648247
364195971
177241719
450245513
271450701
288583017
251939669
88914845
489529371
231518549
13033277
91961277
99314631
455186039
64483863
88942699
58765455
55824358
339790479
286131430
398390709
118886125
51034732
234458547
7798766
202609666
450485606
289397365
165328191
425108186
58870775
221234615
215562335
162370671
171480129
487013036
450953690
423419797
2186057
366741238
81196524
15219335
458702515
180511155
470405376
23186379
269453855
455429009
5268913
35502510
167818615
329917799
154388635
218853347
490634522
88445577
421463013
367378304
377842943
13049381
218744666
362971895
234283995
434307001
25342567
332022301
421320037
402554433
181700276
423506096
269295671
262896800
364983607
154256361
443407956
261647159
103700917
139119987
217076169
35228008
174622497
384894785
291403983
255269307
30006307
282038505
343714886
377727498
75674985
147816005
390776879
294419651
10787901
51319052
228726651
36130467
383341353
76304866
364943078
65041630
426069138
60496925
254196606
291052745
214753288
123862738
52699907
244712381
262982725
196034253
279940391
363863397
7187214
71344374
119132707
37193521
279641055
462847593
341179195
355316039
36921775
158214252
75993868
47709676
209533304
304720521
10098319
19132833
307283563
375041397
10432639
233352701
435538324
264629246
450663623
76549787
388491984
429621705
321262171
77732885
51914135
27460738
441596284
59101349
25063287
486987167
22553048
230962520
376092935
363732245
12536735
413014711
21946497
88530605
460724388
157737977
393251126
397080883
103128985
126792865
198380459
113561625
360145566
60176959
304449047
237067365
136726748
119199207
166689072
384247095
196932094
218603208
411707833
64786554
203962733
363029298
51773721
226515782
93991818
354124834
16506203
106528555
267139546
464710876
195059160
154122110
48707029
14568462
51202993
151836015
141361327
175841630
265397642
427765069
236018590
69846689
164832433
372745338
115304075
257779681
183250609
312236169
476382889
21216619
303280900
106603799
384245917
281312797
333119581
478237736
135437631
275883961
11024467
328835353
240594837
132341803
482957463
289301865
146910265
460418633
441137882
214529768
62518439
132793699
142294837
298537029
128898567
233385447
97540545
244202641
491165130
280791153
482696987
393806197
302007774
285977887
409997
186253692
67290686
259787756
90749604
128986493
35671717
28032247
457821847
202524731
160374050
367037487
491826597
307284315
253714297
359222655
21814083
316232737
418274532
90367096
41027945
47173099
323752543
138568490
217633918
241175849
419359645
126589081
134982045
221367419
412566971
61650220
333879287
406115833
321437976
424628891
461360503
357109693
452661138
345440525
59634423
39293364
138736189
477719198
346577679
392450487
263200030
294649938
134941402
107732738
311275210
175969347
81164013
61285929
314537837
298797932
302461779
160155657
425387013
437443826
381523077
264212162
499094045
141660541
96586171
246790197
66289432
57946674
30158067
445208745
329645375
16050669
484502109
468381565
493769867
257337966
287090230
183228073
478246080
422031632
290960811
289521289
24259155
372124825
350807220
265055167
97180933
79527175
425210827
448826124
16971002
232992081
139296462
442323223
374652622
235882633
115371599
367200230
220087483
145529667
238667151
49732859
161580337
149427439
444372603
81608379
406765405
231462833
264836454
311269661
79752641
482055441
27049128
30269972
280438443
377856347
295325141
377619375
457383524
220535968
252703677
400612702
453528049
392000139
269194101
254438847
54140947
384565702
121639077
274228431
30095369
360306230
250219469
117933881
9733669
120850248
199542263
342757251
352313081
464378717
80285089
358323898
372692335
107334217
388593870
153130778
485190565
183919011
457008331
368832266
330713155
209712008
195703144
210499379
27970323
391155423
464938228
82111272
201979301
12835481
356339703
158332845
373141711
32817349
276266729
309133557
153667597
475808991
78148983
432238853
366445886
158434073
290562751
239138221
265768291
105414797
318527175
177217031
289333810
275535506
472307473
46305141
411505690
94268795
256804522
439476013
485424218
221742750
21587285
187403519
234578231
304185166
345736365
33978119
337002515
48261271
269369853
416928289
24070264
347518837
349167143
390516150
432211087
65988072
55912547
124237553
171402869
374439722
301454587
386994855
76233403
200020238
433299998
487739093
294289033
190104519
353473284
279713251
338105445
375060569
393374946
72683677
105503911
165369487
32919974
442506427
213630759
302289827
285692892
237701023
76066839
61118211
54475349
8277928
127106283
36646072
58773657
224767329
411085794
360228246
111762187
413577373
60248484
45062185
327574645
280795693
161424882
181047929
60508944
499530327
482366675
380142066
498472183
87870587
45511553
457650333
456635189
259142311
186198336
242328081
423101511
262265177
303446293
477576859
196801281
356810754
14222931
255574940
81578083
351566903
42061362
119598448
191402453
28568022
90918809
18977099
309363715
252343691
126283205
296130835
178132196
108649879
102531077
102862555
122778643
148042629
60512887
79413834
333443119
172969401
248000093
256544631
435234578
51446387
160379668
58294035
334515317
100860775
240127151
416093401
378685855
282188513
35691849
70088309
237014711
52868836
15323583
46378426
305212527
141606789
268767437
409602899
250256670
371298514
12465455
373035314
445599321
499236520
378707324
279042439
98464097
126707417
461845247
33698675
104411979
48483091
18250886
438927297
149343867
258378037
281278877
28029724
466824725
243228903
24376209
203839438
296097739
39699793
176476040
27568443
181306584
371501653
437171341
357821429
169058343
375894974
157114919
114657663
301389670
35822243
319958281
399853767
88787838
281803529
359810618
193199817
330286619
304319680
58385293
405888665
62697717
265922346
360176565
455780619
9151249
384552775
85878233
231507165
350510745
262354273
185333784
31817330
60114104
48763303
315896935
229172448
424658277
473011857
343830111
152306123
8834101
90046570
478418066
23880115
371850099
264486860
217079933
128394895
68806540
201723403
34283561
57762434
467645750
320718301
13543053
403055175
131529253
25679465
60820517
482039999
288033739
246154301
440115505
348147844
294917604
256012442
3578468
145834057
155282475
347408579
298140180
90374751
437455149
202816422
114254867
235563425
467303282
331334803
290216497
36109821
33058205
250758233
20130431
426962131
71476537
459931663
330017307
203005789
485611128
390837825
111303966
199903043
63250301
51419471
48050887
358167907
233690089
51629355
4001964
388972563
325296111
228400319
479347317
189009439
431216741
93602186
350831041
398520025
351195165
141047537
360888023
310511547
391805773
307276632
237473679
389540486
267208295
493749165
18804451
179077599
310845165
130108419
378980641
374095469
181527889
353289705
232263376
415217979
331177238
162523515
230448721
82731525
390923837
209796037
271740966
322140579
229656399
48830183
146918779
80851565
189877721
434064980
391363113
7941669
241341612
55094970
397482155
434808083
48844135
416286609
113885682
285947477
46395028
492866325
160042945
154181095
272414207
318564499
495657251
103591445
481088015
226105971
186322971
372011851
362160187
384322113
120410608
91816588
433152297
193587565
98926330
49288195
127652545
490289443
57229865
295252333
471642589
380970198
230060415
446744899
223514983
270204275
232692378
196168187
189328776
318993499
350349281
461742983
137557999
272264710
65334429
44904191
498370681
177915577
416916043
286789046
62237692
463584828
378605633
421648165
157172393
477531963
470936359
211083114
394079584
28166226
6335447
291980349
335394600
162654039
238725250
58909583
432858315
397675804
255077771
122187091
216669303
31685229
10188251
280485479
303949939
1780856
325389671
228578798
179696434
168563891
15367843
168192302
132148719
320231655
16098644
215579287
224021795
487035003
426662401
44359555
441459407
432997849
336339905
276854007
21910067
1323331
262021765
454768381
398999135
17099537
3213650
41926615
475042943
13401901
322412096
205251057
15182757
74059944
433829857
194879191
242623835
375455877
289329669
374772555
121945707
305428313
16610019
272225680
292463318
443272422
316585235
160180901
302528447
79183315
437034907
324438515
6764823
125314851
279206898
405763957
68672565
282420548
373948750
43715508
295822449
122619021
248966567
311005205
196678965
109054600
432142573
439302802
410768653
221472243
240333533
32714362
26900555
256943551
231198218
245622051
200215973
47783453
405802952
2744423
53224946
269096035
253441115
59989769
394410888
32648013
392011904
463083453
241326737
265960654
433057137
463407363
388579675
108281880
200670745
11516819
217336480
132813319
450819621
54363309
280543737
191153154
13335847
233702471
448096705
244534065
479324522
74570857
218575695
311385649
3573457
271800641
6739863
257014572
258048585
327408927
215920761
150060489
216750556
383505675
342279321
149807693
346913037
157117173
258089573
47583784
168633993
401684230
106655279
119453614
456047539
387199017
236864943
469383387
47159665
111219827
213917453
26484187
185790683
432493147
264128013
115622317
130551965
197126053
372636890
388600551
24534980
14815827
464919219
241285535
398321503
307198540
317351406
171492717
464315714
1699155
145334677
59207883
403383385
178248133
178661497
359430925
65447149
415526441
255072489
38864991
26746269
468989942
65349179
138795129
327741265
255735367
254417447
384551407
452861421
53312513
199410137
403654578
68128341
164329356
71198289
392708019
397786071
388549695
490458914
288359961
390248852
62051768
347567845
293632238
240299901
26229341
79321339
232005227
368013959
334393827
270870219
321018405
229641945
262477573
386071711
483641389
18212943
66747333
368192798
397332541
120059848
67602935
227245295
114446365
158190467
298443585
433412562
55976539
186993282
423871476
270594678
3500310
485923244
118162523
297132548
152481321
70650041
302712063
384486549
364922179
63364068
155356767
112198759
293006015
417834343
498270471
202905579
362305462
65017805
71098377
185896179
111335829
64959489
413141474
225782196
149408131
137843235
85452934
131642847
324836517
9324409
402237525
328336828
421505829
446658225
51727552
245328
17308269
354439616
384731877
308488624
417803684
40088645
420687383
137067875
384181163
418957856
339973455
172744801
410233837
337330010
284899158
21569669
328547675
124298808
173610041
404213983
262142044
259062976
35856833
13236737
194645561
364352535
341573565
42409569
237268938
319559294
42654897
180835383
100257086
427386774
489324007
18060770
393733595
410011391
81386821
204172936
255227424
347618453
376917739
91719437
111206639
88075073
113289108
439754315
212373881
286899150
270226475
474515925
45962126
232341483
487752663
166865863
22952195
255584403
209275433
260221133
75143697
251930331
441056518
175400783
179317105
430380525
119719731
73050701
266650093
127364727
203481813
448135693
474983181
6657728
39855131
86189821
94732801
79402416
452202311
307106681
366301566
222428788
281622607
338521868
454770273
195633445
5387731
477722469
451217851
140921342
164201780
26361550
392851673
105258298
128020511
72168777
461896999
173998418
71477655
154805267
301363145
201217643
102940961
276346328
207875373
69054269
288794325
302608174
148456685
240996638
109714855
14758251
389683602
317595639
279538295
270712051
13229087
211184203
174692695
464446937
352105546
338894477
417066665
171215395
444152775
471345352
169642349
332307949
145343770
167378181
487113219
446706915
368595826
16312355
149311419
76471199
85366626
438105746
379079373
233823311
105360560
415052406
174839737
495044161
232648045
454378033
192014389
172135309
91820413
366707085
62840423
370184135
205601563
479907089
41399529
76012513
377510617
211041879
408320465
22854387
378420061
321691859
395819480
173274063
338004217
471389075
249745261
423370843
335752999
55082812
157194153
441113559
470135218
332033893
362415897
129041439
212670103
54430287
301176750
230748691
347395550
364017173
100932828
52997113
270182440
68590533
55267804
73951233
279632415
389846445
23063797
84310653
211538305
418883277
257584715
49542524
316530530
433588155
399171543
152283529
488670967
56365698
19655264
385064361
314657767
308329338
440363978
453586045
289017801
167798904
184334739
136413351
31816079
211525743
115668641
228256695
280116277
97194621
302207929
59748693
487041067
325271726
70317522
124837549
170413179
254160413
100638249
486943709
187748570
499809793
65485413
102677713
482433667
11398853
414000251
223349609
319728191
354364229
176935657
108745994
22163133
287528572
171417521
480237387
499054315
287086161
134752259
279170593
384280784
363218363
265177462
297580027
114748267
261753160
422417575
285161445
15913573
23055826
198363332
129920321
22865619
190106921
232598033
431557462
201505777
72856462
154907073
21233970
427220691
258100906
56238140
375641999
45629477
227655662
282137565
44683793
14741823
343148001
250112561
325280783
206366365
441548199
49118987
321114631
203301359
471536564
32534255
145473111
494592390
157155763
275393431
443716185
347262685
7991467
301531823
48768463
7106105
456438895
70002433
434326795
140797977
52498749
236226973
186427457
280154411
444622713
157369427
221154412
287770715
333740165
46435195
420395257
275288365
21812359
167768066
404847903
493348923
200302321
50321013
414199491
357458083
325714447
284173852
130978946
259964089
85705675
179747409
267070195
468402748
176008018
127655168
109200727
228506767
290140317
221886360
8661177
234763032
379255787
156073765
448791923
139254129
128767139
369187179
414542495
150579500
36955245
245648573
143928423
163515744
295969589
58127915
447232003
47942211
268559944
78210949
234164479
354265619
184216536
1234675
248926544
360224554
55148019
358127271
14989497
345288335
6271807
449908851
6309543
385527593
105982619
455101468
24781723
234749757
250546825
365582395
385329257
213760247
37489145
455515859
303534167
333458735
439901951
250766172
307659124
208461895
255235299
41823603
488985691
439451835
469316454
237912235
225934565
24464473
22297682
240924063
296010986
28569489
117091091
228578707
340355259
223073709
109938351
291395159
384081645
360485176
83235730
195669080
503600
120724876
151184939
304037767
454183611
17345067
481062116
188100911
225806962
236297415
229924513
141050829
102007426
125499143
378963064
327941991
76221794
327518922
68866054
372232779
356088411
112215321
27069663
122701847
335289031
137008013
414097005
145628854
497493191
497332735
341297934
424254967
118057611
492482874
154550909
498499400
9827941
135613025
186600311
161893079
298168617
342783001
302943907
400176043
468282145
108165147
228118035
44503939
435684071
223242265
