100
49 4
51 35
36 3
1 3
43 20
93 37
91 65
17 16
13 15
39 35
33 2
52 44
75 62
87 16
73 13
45 8
71 38
85 19
56 6
19 21
58 14
48 48
85 8
96 0
76 27
42 9
9 10
51 12
91 89
17 8
9 9
88 60
59 13
89 41
57 16
11 1
21 0
63 38
21 9
3 2
94 1
8 2
38 5
84 73
97 21
96 5
63 51
86 65
55 32
36 0
80 73
26 14
4 1
6 7
46 37
24 12
53 20
41 36
88 49
21 9
27 23
89 40
0 0
11 6
49 25
67 18
90 89
31 26
78 71
19 4
42 16
65 10
72 66
86 72
30 6
44 30
23 3
45 2
8 10
77 41
0 1
84 28
36 4
82 33
49 20
40 33
43 30
86 63
10 3
73 3
77 38
94 46
51 20
23 21
92 22
14 9
43 5
80 16
13 1
91 93
