0
7
17
34
51
68
201
777
7055105414955615018711491182277582442038609238343115621411980122319077189381914053624009521000153226
8686268384559188310802431224780020408197933014257353046160791721954834924587731627341811667872
2590370260031049800661324049679778248938648119749759391384212460776023624710548727640416015799837394
9312912221056019239463742749866856100427481068941777599132791157294869872762040105438173679
954438218047992233352325085037906986619209521422612023464298084443967476261512207859281599903679852
922935484121487590330235011616548184395227450808842457425332436711981397213906207999475405045673
79027751829393659408467703924769237002130837089681405954601097749878278000469633647069164938504850
8376305302984780338580221436793769357200333544226862166722324648542830699084252331515061198696
48681062549340664338760838325800063550028227097873165178487739493449219275243285179313121896
765601542119892443107434035546117654978187336913946766893270330830990989926288495951031578238803
2545053887626187417517475177708171619340364696208827006559713490380361339749182494239811468556
8830105202156227006898192387179036822456297317065682629533912633633412401233326010873830943618097186
27704707525796506200903890796235966711054258353212838215948119392715042298947422898817510131893
4173968508946582280787294974239876097732542922910184329654739317441088385471052620683390267984
5912011960890271178172183782055975442478437570219995758511402214158830097049100302293964898322
2737339671876178032962646651099075318794511885775536286299122481027496242040817398723676416193525
2312070435690873211113827654963408567906353969301705939366310019258154366387102045994427275228
6219373213313778204022713358933836573746845712432454808395276356037747941364138412873800849597885
68093116053162867162136293299725797549918816477725083539260347334229497404116954540657734988951852
20867684241159802985730786630160571713931337501614691401467421104580070981600688368310227070894
8871840236540393650816917861036464419792457454792247130118994500719159266919773809723883160827246
1421157621002392625403837682946209228306338074036846676814615036960909667194304360379193179774
1156308500006947986871956189279419377367815107223478837097724989901220848196763710077198107
9906877963301923746067070915460776350166939806400981610859308679061498791932570120323824748966723
61256898948156203746088298240007015480430034025716567683953378751224598334115111224445086660200463
126718667944117411413474707335637299680015703464115170698204382945189024295801433386359348580677
5416005593754758778980277022477403520193619359030035981606643955328887455867256910602910580608469065
51226028099460217981817526485602808898326228034461541960632988643124240123441935829598050314304
6699182520603548165543462281216620454983434027277156047449199933540891710389216694613120256143425
2283460914169499857354612763828879616761480620764630588739091774133568637372595952119225062
840335603035675875976108239481348519205647780018585927719390011001225558587452556973702178719
7849071000764789197577845255441926671931889786431211413901158573771660237104776811590247140276
69180267701942174868981667161806134063852363743827771564275910047342318623718164525095189104412264
8524593378461422098406004688985907289139413301352334962612969509980910529527095217157476352
295256186455175064078169965836377886075151935000508530333273922204500654512109594760196595710111
4134733205050048085853282016536670796199706364289385849932557447122937631877831920984992521
3538670019633331285187560061764821165589492691949037286453293249861688447891981599340505213467
5727594403217429773337666500958811103755514059317840148610203898579651325513696308026748955
329362970227291444167329368524962067529818782161683102606415210312227741756869469799448524798123509
382259733934857062013581792481909386682516266676358226298859368388096418991446002544837868383
13459582195768777628226800945579186511099218747320418416369772855708726633784991413543509047105
12315677027813827131513434141273350989878367007931773617758174227552479237869174873145861115865
24053889137025316357688912482645740150874651200930057955992523344838235606113633187792118875
25975410287658322569949487993495959216918302630000430677072811906440844886235583873239706990
316133701112322042781518043026559693273985012210011972209303611507461920607343456332607437736503
608078646284422244359289224316374742315225975855180319028936405596288777186170823854836180644051
771172813757162123576649791134288286198578019782649304053763857618904148289365806473145380645114
88270998034475112651142406468132982348436413694373986723281584172191937185574701914263097238811234
4238822565710497151907660972658921036799290687439693886500327385525241330036946077036199833271778
60148089017703124846937627284746967341532824178820211775794603368311940292606251073475469903769
