100
2 4
10 5
3 12
7 7 7
3 12
4 2 1
5 1000000000
25 25 25 25 25
2 2
1 1
5 5
1 1 1 1 1
5 448257424
1 2 3 4 5
5 915742169
18 7 21 11 25
5 989376771
25 25 25 25 25
5 727283015
15 15 15 15 15
5 514136722
12 12 12 12 12
5 84932807
22 22 22 22 22
5 674427359
24 24 24 24 24
5 85437017
16 16 16 16 16
5 646654540
10 10 10 10 10
5 763977313
5 5 5 5 5
5 588702801
5 5 5 5 5
5 504418635
2 2 2 2 2
5 246161431
4 4 4 4 4
5 423608593
25 25 25 25 25
5 752878205
11 11 11 11 11
5 821786444
8 8 8 8 8
5 677479443
24 24 24 24 24
5 497324943
14 14 14 14 14
5 788231138
21 21 21 21 21
5 537281093
22 22 22 22 22
5 715623644
1 1 1 1 1
5 505927203
10 10 10 10 10
5 93707398
21 21 21 21 21
5 602346725
19 19 19 19 19
5 860385537
2 2 2 2 2
5 58121458
1 1 1 1 1
5 326110278
4 4 4 4 4
5 223103668
1 2 3 4 5
5 277582540
1 2 3 4 5
5 494403107
1 2 3 4 5
5 890940779
1 2 3 4 5
5 321009222
1 2 3 4 5
5 492180420
1 2 3 4 5
5 271945093
1 2 3 4 5
5 717959395
1 2 3 4 5
5 767849391
1 2 3 4 5
5 934286693
1 2 3 4 5
5 104139683
1 2 3 4 5
5 62622154
1 2 3 4 5
5 933454106
1 2 3 4 5
5 43804125
1 2 3 4 5
5 698260819
1 2 3 4 5
5 880678957
1 2 3 4 5
5 608709875
1 2 3 4 5
5 372056380
1 2 3 4 5
5 378023710
1 2 3 4 5
5 266816297
1 2 3 4 5
5 152273564
1 2 3 4 5
5 248182723
1 2 3 4 5
5 48033109
1 2 3 4 5
5 935923300
1 2 3 4 5
5 696002932
1 2 3 4 5
5 230025746
20 8 20 14 20
5 783531901
13 8 6 17 8
5 435553585
12 7 7 3 13
5 414368655
7 11 9 7 21
5 762314386
17 23 7 13 11
5 902642882
24 25 15 2 15
5 572283978
12 3 9 13 12
5 391303898
9 17 22 24 21
5 129233698
21 10 7 19 12
5 103934086
18 14 19 22 18
5 853292339
2 19 8 5 9
5 461596919
16 21 15 11 9
5 191565932
11 3 6 22 18
5 10328090
20 12 21 10 25
5 533616164
13 6 19 2 11
5 701967230
3 9 16 24 17
5 852629880
16 4 20 1 14
5 256875937
9 16 4 9 17
5 331291510
18 19 19 8 24
5 70707733
11 17 15 8 17
5 430943860
16 7 14 21 14
5 76113630
15 14 25 11 11
5 525170883
25 14 24 6 8
5 417919527
15 11 11 24 11
5 743732962
23 20 17 25 24
5 127095171
18 2 10 13 8
5 442389514
17 17 5 8 9
5 297623397
22 15 25 22 8
5 938196745
24 18 5 15 22
5 552853684
5 13 5 15 4
5 792774380
24 7 10 8 12
5 259460441
13 19 6 11 5
5 619569032
2 22 5 24 1
5 272078244
21 21 20 9 7
5 21444710
13 13 21 6 20
5 53913668
21 9 3 18 22
5 309766355
5 23 10 1 22
5 101387117
2 13 12 5 6
5 679194947
22 5 20 10 25
5 168294891
11 1 22 22 7
5 636948714
18 14 2 19 10
5 878494786
3 3 12 4 24
