100
2
86 93 
3
2 1 2 52
2 1 2 49
1 1 1 98
5
62 46 13 39 44 
11
1 3 4 77
1 2 3 70
2 1 4 21
1 4 4 0
1 3 3 82
1 3 5 40
1 1 3 53
1 3 4 60
2 2 4 28
2 4 5 72
1 5 5 50
1
50 
3
2 1 1 13
1 1 1 32
1 1 1 52
4
15 64 52 83 
8
1 1 1 32
1 1 3 63
2 1 3 54
2 2 4 83
2 1 3 40
1 1 3 93
2 2 4 6
1 2 2 70
9
68 8 8 67 37 98 15 65 51 
8
2 5 6 29
2 4 5 72
2 5 5 67
1 4 6 39
1 3 8 52
2 2 7 55
2 2 7 78
1 3 3 49
8
78 12 97 46 50 70 88 23 
7
2 3 5 1
2 1 3 18
2 6 7 90
1 1 3 78
2 1 2 43
1 2 6 36
1 1 3 77
9
100 60 57 0 61 15 18 79 0 
14
1 2 4 77
1 6 6 7
2 2 9 85
2 7 8 24
1 3 3 91
1 2 9 45
2 2 3 81
2 8 9 28
2 1 9 24
1 4 4 4
1 2 3 72
1 6 8 75
1 6 7 45
1 8 9 41
9
88 17 46 0 11 6 3 48 98 
5
1 5 7 71
1 3 7 91
2 7 8 35
1 1 6 26
2 3 3 1
1
55 
12
1 1 1 93
2 1 1 24
1 1 1 27
2 1 1 20
1 1 1 49
1 1 1 16
2 1 1 52
2 1 1 48
1 1 1 89
1 1 1 75
2 1 1 53
2 1 1 99
1
47 
18
1 1 1 2
2 1 1 35
1 1 1 44
2 1 1 54
1 1 1 59
1 1 1 5
2 1 1 13
1 1 1 30
1 1 1 4
2 1 1 14
1 1 1 1
2 1 1 99
1 1 1 57
1 1 1 68
2 1 1 75
1 1 1 80
2 1 1 12
1 1 1 67
8
68 14 23 23 12 27 10 70 
3
1 8 8 78
2 1 3 77
2 5 8 29
9
64 39 90 96 61 82 63 62 31 
20
2 2 4 19
2 1 3 24
1 1 9 41
2 3 6 98
2 2 4 81
1 1 3 62
2 7 7 96
2 4 5 66
1 5 6 15
1 5 5 92
2 4 5 59
2 5 5 96
2 5 8 45
2 3 9 42
2 7 9 63
1 2 2 39
1 4 6 73
1 1 3 64
2 3 5 86
1 7 7 74
9
18 77 78 92 86 71 87 23 33 
9
2 4 9 3
1 6 8 3
1 7 8 96
2 3 6 78
2 3 6 17
2 3 6 22
2 4 5 29
2 3 8 44
2 8 9 13
6
16 94 52 15 90 10 
14
2 1 6 53
2 1 3 15
1 3 6 52
2 3 4 10
2 1 4 88
2 3 6 27
1 5 6 20
2 3 5 40
1 5 6 87
1 4 6 88
1 1 2 98
2 1 5 20
1 5 5 60
1 1 6 63
7
83 89 51 80 95 67 63 
10
1 2 5 48
1 4 6 93
2 3 6 36
1 2 4 80
2 6 7 9
1 3 7 52
2 5 6 30
1 2 4 2
1 2 5 76
1 3 7 11
5
13 93 36 44 72 
20
2 3 5 81
2 5 5 96
2 2 2 27
1 1 1 87
2 2 5 62
2 3 5 8
1 1 2 64
1 1 1 12
1 4 5 75
1 1 5 55
1 3 4 92
1 3 4 17
1 2 4 32
2 1 3 49
1 1 1 55
1 1 2 57
1 1 2 51
2 1 2 71
2 1 3 30
2 1 2 55
5
88 95 67 94 9 
16
2 3 3 1
1 1 1 37
2 2 3 13
2 1 3 94
2 4 5 98
2 2 4 79
1 1 4 3
1 4 5 15
1 2 4 94
2 3 4 66
2 1 3 67
2 1 5 32
2 1 5 59
2 1 2 16
1 2 5 10
1 1 4 76
9
69 3 92 66 69 1 97 14 68 
18
1 5 8 94
1 1 7 72
2 4 6 66
1 6 9 81
1 1 1 15
1 3 9 87
1 2 9 3
2 2 4 5
1 1 9 60
1 7 8 91
2 2 2 19
1 2 8 26
2 2 3 8
2 1 3 51
1 2 9 52
1 6 8 98
2 2 6 65
2 6 9 92
7
78 14 52 43 40 77 81 
19
1 2 3 5
1 6 7 59
2 5 7 58
2 3 5 78
1 3 4 85
2 4 6 44
2 3 6 65
1 2 6 14
2 6 6 66
1 5 5 86
2 2 7 85
1 4 6 2
2 3 6 36
1 4 6 47
2 2 2 58
2 3 5 67
1 5 7 81
1 2 2 18
1 1 5 28
1
97 
17
2 1 1 2
2 1 1 85
1 1 1 29
1 1 1 67
1 1 1 27
2 1 1 31
1 1 1 38
1 1 1 31
1 1 1 13
2 1 1 69
2 1 1 37
1 1 1 92
2 1 1 34
2 1 1 100
2 1 1 38
2 1 1 3
2 1 1 86
5
20 52 74 50 89 
10
1 1 5 77
2 1 3 1
1 2 3 15
1 3 5 84
1 4 4 94
1 1 5 97
2 3 4 21
1 2 5 48
2 3 4 47
2 1 5 77
2
92 68 
5
1 1 2 100
1 1 1 44
1 1 2 57
1 1 2 86
1 1 2 32
7
79 49 10 93 25 32 39 
17
1 1 1 60
1 1 1 52
1 2 4 7
2 1 3 29
2 5 6 94
2 2 2 39
2 1 5 84
1 1 2 38
2 1 7 64
1 2 6 58
1 3 7 31
1 2 2 90
1 1 5 91
1 3 6 44
1 4 6 13
2 2 6 39
2 7 7 37
9
61 59 37 92 56 54 18 82 43 
9
1 3 5 84
1 6 7 52
1 4 9 28
1 7 9 88
1 4 5 85
1 3 4 88
1 1 6 63
2 3 8 14
1 7 9 21
4
73 68 32 85 
17
2 1 3 7
1 1 4 90
1 3 4 89
2 1 2 58
1 2 3 6
2 2 3 25
1 1 4 54
2 2 4 87
1 2 4 13
1 1 4 88
2 2 4 1
1 3 3 37
2 1 4 75
2 1 3 83
2 1 1 96
1 3 4 11
2 2 4 3
9
91 22 92 33 90 27 68 49 30 
16
2 3 6 89
2 6 6 72
1 5 6 53
2 2 5 96
2 2 3 12
2 3 4 100
2 4 9 30
2 3 8 50
2 6 8 82
1 2 2 9
1 2 5 97
2 3 9 54
2 2 6 50
1 1 7 92
2 7 8 4
1 4 4 0
9
83 68 85 2 43 63 30 72 25 
11
1 3 4 95
1 2 5 56
2 4 9 73
1 1 2 0
1 5 6 51
1 3 8 24
2 3 6 95
2 4 5 73
1 4 6 44
1 5 5 41
2 7 8 16
8
16 29 15 37 81 5 17 80 
12
2 1 3 97
1 2 4 62
1 1 1 19
1 2 7 48
2 2 6 78
1 1 3 64
2 5 8 6
2 1 2 67
1 4 8 40
2 1 8 32
2 3 8 17
2 4 4 85
5
28 78 80 11 42 
18
2 4 5 78
2 1 2 81
1 1 2 63
1 1 3 7
1 2 2 56
1 2 4 32
1 3 5 29
1 1 3 87
2 1 4 61
2 4 4 26
2 3 5 65
2 3 5 94
1 2 4 61
1 3 3 36
1 2 4 87
2 2 3 1
2 3 4 49
1 2 4 52
1
84 
12
1 1 1 99
1 1 1 90
2 1 1 38
1 1 1 41
2 1 1 21
1 1 1 30
2 1 1 65
2 1 1 41
2 1 1 45
2 1 1 57
1 1 1 89
1 1 1 35
8
22 46 60 72 76 73 89 13 
16
2 7 7 52
2 4 6 70
2 2 6 8
1 1 5 92
2 4 7 75
2 3 4 28
2 3 3 41
1 1 1 52
2 7 8 42
2 4 5 69
1 3 5 62
2 4 7 35
1 7 8 9
2 4 6 25
1 8 8 84
2 5 8 33
2
76 12 
12
2 2 2 92
1 2 2 10
2 1 2 28
1 2 2 39
1 2 2 82
2 1 1 98
2 1 2 30
1 2 2 97
2 1 1 46
1 1 2 71
1 1 2 58
2 1 1 0
7
83 50 21 80 14 1 12 
18
2 1 4 84
2 2 6 29
2 2 7 36
2 1 5 43
1 3 7 47
2 3 6 27
2 6 7 26
2 1 4 62
2 4 7 53
2 3 5 92
1 5 7 50
1 2 3 16
2 2 6 12
2 2 2 67
2 1 7 38
2 1 1 49
1 1 6 9
1 5 6 38
2
88 11 
2
2 2 2 80
2 1 2 24
4
91 92 84 49 
8
2 1 4 96
2 1 4 2
2 2 4 36
2 1 4 28
2 2 2 61
1 2 4 2
2 2 3 58
1 1 2 41
5
36 3 76 8 5 
6
2 3 4 46
1 2 4 79
1 2 3 41
1 4 5 88
1 1 1 22
2 2 4 63
7
66 6 87 74 78 64 85 
7
1 2 7 12
1 6 6 59
2 1 1 64
1 1 4 65
2 4 5 51
1 2 3 21
1 4 7 55
6
5 38 80 7 50 65 
14
2 1 3 21
2 3 5 27
2 1 5 79
1 1 3 39
2 2 6 74
1 1 4 15
2 4 4 85
1 5 6 28
1 2 2 14
1 2 6 67
2 5 6 76
1 3 4 1
2 1 6 67
1 1 4 80
7
31 40 35 46 68 43 85 
2
1 3 7 50
2 4 5 64
1
5 
16
2 1 1 61
2 1 1 1
2 1 1 49
1 1 1 42
1 1 1 75
2 1 1 22
1 1 1 71
2 1 1 18
2 1 1 0
1 1 1 78
1 1 1 89
2 1 1 83
2 1 1 43
2 1 1 99
2 1 1 14
2 1 1 12
8
79 23 51 46 68 99 27 26 
13
1 1 4 50
2 3 5 91
1 3 4 85
1 4 6 91
2 1 2 20
2 1 7 62
1 3 6 86
1 2 7 32
2 4 6 54
2 7 8 15
2 1 3 59
1 6 6 14
1 7 8 20
3
48 97 80 
14
2 2 3 57
1 2 3 11
2 2 3 53
1 1 3 24
1 1 1 52
2 1 1 80
1 2 3 62
1 1 2 11
1 1 1 62
1 2 3 63
2 1 3 47
1 1 2 52
2 2 2 50
1 1 3 14
8
43 53 75 85 64 77 17 64 
8
1 5 8 43
1 4 7 86
2 4 5 65
2 8 8 42
2 1 6 57
1 1 6 25
2 7 8 79
1 2 7 33
5
76 3 98 30 56 
14
1 3 3 22
1 1 3 64
1 1 4 42
1 4 5 50
1 1 5 17
2 2 3 99
2 2 4 21
2 4 4 30
1 2 3 42
2 2 3 64
1 1 3 26
2 2 3 64
1 2 4 26
2 4 4 1
5
89 87 1 31 83 
10
2 1 5 30
2 3 4 64
1 4 5 54
1 2 4 56
1 2 5 12
1 3 4 14
2 3 4 77
2 1 5 55
1 4 4 87
1 2 5 15
7
35 46 43 30 68 29 58 
6
1 1 7 80
1 1 6 43
2 1 4 53
1 2 3 30
1 3 7 69
1 2 3 92
8
0 96 3 29 54 74 3 24 
20
2 2 6 88
1 2 2 100
2 5 7 53
1 4 6 16
2 4 8 39
1 1 4 10
1 2 6 62
1 3 6 69
1 1 3 78
2 2 5 33
1 1 4 90
1 4 5 39
2 4 8 90
2 3 7 7
1 4 5 79
2 2 7 68
1 7 8 33
2 5 8 80
1 1 8 52
1 5 8 25
9
15 24 87 14 31 82 86 67 26 
2
2 5 6 33
2 2 5 34
4
66 10 28 16 
6
1 2 3 19
2 2 4 71
1 2 4 82
2 1 4 100
1 2 2 71
1 2 4 43
7
8 53 52 36 69 98 82 
8
1 4 6 49
1 3 3 97
1 5 7 15
2 3 4 97
1 1 7 36
1 1 7 36
2 3 6 49
2 2 2 7
7
56 96 69 72 93 79 35 
8
1 5 6 50
2 5 7 90
2 4 5 29
2 1 6 33
2 7 7 57
2 2 3 1
2 2 3 44
2 5 7 67
9
83 82 40 82 71 97 82 20 25 
8
2 5 9 38
2 1 5 68
1 5 9 12
1 4 9 81
1 1 8 22
1 5 6 18
1 1 8 38
1 7 8 73
5
77 91 86 58 24 
3
2 1 2 8
1 2 5 5
1 4 5 5
7
77 74 7 63 28 11 97 
13
2 3 4 83
1 1 7 22
1 3 5 59
2 3 5 4
2 4 7 33
2 2 5 52
2 2 5 29
1 5 6 93
1 5 7 14
2 3 7 77
2 3 4 87
2 1 5 96
2 1 4 63
7
14 1 9 40 97 65 10 
12
2 1 3 16
2 4 6 77
2 1 3 59
1 1 3 21
2 2 7 5
2 2 2 43
1 1 7 13
2 4 5 24
1 1 3 1
1 2 4 83
2 3 4 32
2 3 6 64
5
69 75 76 41 84 
2
2 3 5 96
2 5 5 40
1
81 
2
2 1 1 0
1 1 1 62
4
75 58 97 55 
18
1 2 4 50
2 1 1 18
1 3 4 96
2 1 3 74
2 1 2 30
2 4 4 2
2 1 2 37
1 2 4 5
1 1 4 69
1 4 4 9
1 3 3 93
1 2 3 12
2 2 3 97
1 1 3 9
2 2 3 18
2 2 2 61
1 2 4 54
2 2 3 78
5
71 27 19 3 6 
11
1 3 3 73
2 1 4 70
2 2 3 29
1 2 3 62
2 2 2 28
1 1 3 72
1 3 4 100
1 2 3 20
1 1 4 20
1 3 4 22
1 1 5 34
7
62 66 100 85 94 93 22 
18
2 1 6 41
2 1 2 82
2 3 6 83
2 1 3 59
2 2 7 55
2 1 6 69
1 4 7 72
2 1 2 87
2 2 7 28
1 2 2 42
1 2 4 43
1 4 6 26
1 1 1 30
2 1 1 71
1 3 7 37
1 1 2 16
1 2 5 67
2 4 5 76
6
86 11 82 53 37 46 
8
2 1 5 29
1 2 4 42
1 2 5 0
2 2 4 64
1 1 6 46
1 1 5 13
2 3 4 51
2 4 5 72
5
67 87 13 33 28 
10
1 1 3 54
2 2 4 14
2 2 3 37
1 1 3 87
1 3 4 0
2 1 1 28
1 3 3 37
2 4 5 35
2 3 4 53
2 1 2 100
6
2 25 91 94 78 40 
20
1 2 5 49
2 2 4 11
2 2 6 52
2 2 6 69
2 2 5 57
1 4 6 52
2 1 3 55
1 3 5 77
1 2 5 34
2 5 5 72
2 5 5 39
1 4 6 53
1 2 4 17
1 1 4 82
2 2 5 43
2 3 5 71
1 5 6 31
1 1 3 19
2 5 5 47
1 4 6 18
5
1 79 8 2 60 
4
2 4 5 42
1 1 3 46
2 1 1 53
2 5 5 3
6
62 54 12 60 20 97 
5
2 4 5 100
1 3 5 70
2 3 3 87
1 2 4 69
1 4 4 29
8
33 21 54 95 41 32 20 61 
15
2 5 6 93
1 1 1 66
1 3 5 6
1 6 8 21
2 1 2 89
2 3 4 86
1 2 4 78
1 3 4 10
2 4 8 80
1 4 4 16
2 1 4 87
1 2 8 32
2 1 2 77
2 4 5 96
1 4 7 81
3
91 80 38 
8
2 1 3 87
1 1 3 68
1 1 3 64
1 1 3 19
1 2 3 32
1 1 3 100
1 1 3 89
1 1 2 27
8
81 12 58 97 80 20 100 44 
18
2 2 4 38
2 2 3 38
2 4 7 84
2 6 7 30
1 5 6 35
2 1 3 70
2 3 3 15
1 2 8 80
1 2 5 33
1 2 4 4
1 5 5 70
2 3 3 76
2 2 8 33
1 4 4 73
2 4 6 1
1 5 6 38
1 4 8 27
2 1 5 26
8
63 89 67 29 64 77 76 41 
16
1 2 8 44
1 6 8 38
1 2 5 22
1 2 8 86
1 2 2 50
2 3 5 56
2 1 4 100
1 2 5 18
2 3 4 56
1 2 3 23
1 3 4 63
1 3 6 19
2 5 8 24
1 1 1 23
2 1 8 12
1 4 7 28
5
84 17 65 78 41 
14
1 3 5 9
2 1 3 5
2 2 4 3
2 2 4 40
1 1 5 57
2 1 3 62
2 2 5 41
2 3 4 24
2 2 4 63
2 2 5 95
1 2 4 38
2 3 5 61
2 1 1 24
2 2 5 52
5
93 95 54 41 19 
8
2 3 3 24
2 1 5 16
2 1 5 67
2 1 5 42
1 1 4 38
1 2 2 30
2 1 4 41
1 2 5 71
8
95 92 87 19 7 49 18 53 
14
1 1 5 94
1 2 6 100
2 4 8 19
2 1 5 73
1 3 6 74
1 3 5 14
2 2 8 70
2 2 6 67
2 2 7 58
1 7 8 53
2 6 8 8
2 6 8 5
2 6 8 47
1 2 3 83
4
19 84 78 8 
7
1 1 1 43
1 1 4 41
1 1 3 55
1 2 4 60
1 1 1 66
2 2 2 34
2 1 4 30
9
38 61 32 45 3 16 9 49 24 
11
1 4 6 46
1 7 8 57
1 1 3 52
2 4 7 81
2 3 8 67
2 6 8 9
2 6 7 26
2 5 6 16
1 5 8 78
1 2 4 14
1 4 5 26
8
6 28 17 13 96 66 92 66 
5
2 6 8 55
1 1 8 77
1 2 4 17
2 1 2 8
2 1 5 51
2
28 35 
15
2 2 2 88
2 1 2 53
1 1 2 1
2 1 2 27
2 1 1 94
2 1 2 75
1 2 2 0
1 1 1 97
1 1 2 75
1 1 1 97
2 2 2 75
2 2 2 8
1 1 2 51
2 1 1 84
2 1 2 79
2
75 99 
10
1 1 2 92
2 1 2 28
2 1 2 21
2 1 2 89
2 1 2 27
2 1 2 38
2 1 2 80
2 1 2 49
2 1 2 42
2 1 2 48
5
35 74 76 97 28 
8
2 4 4 17
1 1 5 94
2 1 5 88
1 1 2 84
1 3 3 91
1 3 3 80
1 2 3 38
1 4 5 98
5
81 58 95 76 51 
17
2 1 5 90
1 1 2 15
1 4 5 33
2 1 5 13
1 1 3 92
1 1 2 95
1 2 2 64
2 2 3 52
2 2 5 12
2 1 3 9
2 4 5 98
1 3 5 43
2 4 5 24
2 2 5 80
2 3 4 30
2 3 5 24
2 5 5 62
9
72 46 63 14 43 86 49 53 28 
5
1 5 9 33
1 5 6 42
2 1 7 95
1 5 7 79
1 6 8 97
3
34 26 8 
2
1 3 3 98
1 1 3 78
4
40 0 56 82 
3
2 1 1 26
2 2 4 0
2 1 2 1
5
36 38 1 50 73 
9
1 1 1 48
1 2 5 57
1 2 3 92
1 5 5 20
1 5 5 34
2 2 3 67
2 2 3 36
2 3 4 36
1 3 3 17
5
74 51 8 19 43 
3
2 2 3 22
2 1 5 100
1 3 3 57
2
25 66 
17
1 1 2 68
1 1 2 25
2 2 2 1
2 1 1 39
1 1 2 82
2 1 1 92
2 1 2 100
1 1 2 14
1 1 1 24
2 2 2 65
1 1 1 64
2 1 1 46
1 1 2 51
1 1 2 39
1 1 2 50
1 1 2 44
2 1 2 87
9
51 2 63 16 32 93 58 1 39 
20
2 1 4 59
2 7 7 40
2 3 8 56
2 5 9 27
1 5 8 70
2 5 7 74
1 7 9 66
1 1 7 36
1 2 2 7
2 6 8 13
1 2 8 31
2 4 8 84
2 6 6 24
1 1 3 70
2 2 9 38
1 5 9 16
1 3 4 81
2 7 8 7
1 4 6 24
1 6 9 70
2
94 45 
17
1 1 1 9
1 1 2 3
1 1 2 26
1 1 1 12
2 1 2 33
2 1 2 12
1 1 2 1
1 2 2 88
2 1 2 24
2 1 2 28
2 1 2 81
2 1 2 61
1 1 2 54
1 1 2 55
1 2 2 34
1 1 2 86
1 1 2 5
2
100 55 
13
2 2 2 65
2 1 1 4
1 1 1 75
2 1 1 46
1 2 2 92
2 1 1 83
1 1 2 79
1 2 2 68
1 1 1 52
2 1 1 3
2 1 2 43
2 1 1 74
2 2 2 8
2
57 55 
19
1 1 1 15
2 1 2 35
2 1 1 66
1 2 2 15
2 2 2 25
1 2 2 6
1 1 1 18
1 1 1 98
2 1 1 44
2 1 2 42
1 2 2 14
1 1 2 96
2 2 2 72
2 1 2 14
2 2 2 51
2 2 2 10
2 1 2 17
2 1 2 94
1 1 2 72
4
68 62 22 54 
8
1 1 4 43
1 2 2 67
2 1 4 50
2 2 3 93
1 4 4 91
2 2 3 27
1 4 4 28
1 2 4 56
6
99 73 40 32 40 76 
1
1 1 6 33
8
25 26 93 50 84 46 73 5 
18
1 6 8 36
2 2 5 77
2 1 2 12
1 5 5 70
2 1 5 3
2 3 3 28
2 6 8 50
2 3 7 47
1 1 3 46
1 2 8 60
1 1 5 57
1 1 2 1
2 2 5 89
1 8 8 82
1 2 5 42
1 5 7 63
1 5 7 54
2 2 4 33
7
56 38 67 83 5 53 89 
16
2 1 4 15
2 1 1 52
1 2 7 100
1 3 7 52
2 2 4 29
2 1 4 25
1 4 7 29
2 4 4 96
1 2 4 76
1 2 5 85
1 4 7 66
1 6 7 83
1 1 7 23
2 1 7 82
1 1 7 91
1 3 7 68
2
43 18 
18
2 1 2 8
2 1 2 77
2 2 2 26
2 1 2 0
1 1 2 97
2 1 2 85
1 2 2 0
1 1 1 92
2 1 1 92
1 1 2 51
2 1 1 97
2 1 2 90
2 1 1 22
1 1 2 88
2 1 1 11
2 1 2 49
2 1 1 68
1 1 2 36
1
32 
6
2 1 1 88
2 1 1 28
2 1 1 28
2 1 1 31
2 1 1 91
2 1 1 82
7
66 76 40 59 7 39 11 
16
2 4 6 40
2 3 5 8
2 4 5 37
1 2 3 78
2 7 7 94
1 1 4 38
2 3 6 63
1 1 6 17
2 4 7 6
1 2 7 47
2 4 6 1
1 5 7 93
1 2 4 64
1 1 3 11
1 3 7 76
2 1 7 71
3
43 73 88 
1
2 1 2 99
7
32 64 45 92 95 47 43 
17
1 4 4 92
1 2 5 39
1 3 5 23
1 3 4 79
1 5 6 14
2 4 7 92
2 1 5 57
2 6 7 64
1 3 6 69
1 3 4 44
1 1 6 26
2 1 7 13
1 4 5 91
1 4 5 37
1 2 6 63
2 2 5 3
1 3 5 67
5
78 30 41 10 22 
17
1 4 5 4
2 1 4 5
2 3 3 73
1 4 4 59
1 2 5 7
1 1 2 11
1 1 3 67
2 3 3 91
1 3 4 96
2 1 5 46
2 3 4 96
2 4 5 95
1 1 2 19
1 2 4 73
1 4 5 6
2 2 2 63
1 4 5 17
9
63 50 78 47 11 69 98 32 29 
18
1 5 6 58
2 6 7 44
2 3 4 59
2 6 8 85
1 1 2 1
2 1 3 13
1 7 7 45
2 3 6 80
2 2 6 97
2 2 8 36
1 4 6 52
1 6 7 17
1 2 6 96
1 4 7 54
2 4 4 67
1 6 6 80
1 5 5 95
2 5 7 72
