42 8468
6335 6501
9171 9359
6965 8146
3284 6828
9962 9977
1333 2369
8695 9513
149 8061
1721 3754
6141 6280
5999 6688
2531 2550
7439 9867
2951 3196
3298 8287
6107 6283
2457 5735
8116 8322
9560 9906
7960 9315
5827 9335
5877 8071
7488 8298
7519 8178
7775 8481
9216 9973
3063 4182
1007 7433
7507 7594
2728 3032
8493 9188
8361 9171
236 834
9713 9791
4926 4941
854 8663
3831 7714
8960 9358
2325 6478
5109 9802
2853 4461
2431 2994
7387 9406
6541 8705
2837 6073
9353 9358
8527 9338
3274 3870
9364 9618
114 2718
8698 8933
2299 9856
2055 6963
3585 9735
6655 6973
1460 4370
2535 2964
2608 2849
4676 6512
2744 7826
3222 7871
1627 1935
5207 7399
2282 2702
2195 2735
1638 6535
5557 5706
6963 9856
4858 7612
881 2679
1753 8444
8299 9314
876 2819
611 1018
4934 8113
699 3170
3834 6489
8688 9091
9499 9557
5564 6468
9544 9602
8326 8571
9766 9902
7105 9955
891 4147
691 7950
2845 5621
749 7068
4537 8036
2230 5186
7039 9854
5632 5749
9925 9962
3960 6494
1516 5270
4940 8870
59 4701
3973 6265
5119 6216
