1000
1999 30 366
636 9 278
2593 9 394
1439 46 362
3490 58 436
1211 7 332
1312 3 86
2553 54 287
1209 63 282
1317 72 404
340 3 71
927 10 102
3856 45 170
3422 79 76
372 95 239
3421 74 386
1092 12 156
1361 7 233
1095 8 65
1582 30 310
1659 71 320
1578 2 385
402 6 86
789 6 315
544 75 374
2473 97 277
703 62 238
678 20 498
1061 52 107
3866 89 227
821 73 21
1914 11 350
2953 38 355
419 3 212
1253 32 415
3492 69 394
734 17 473
768 89 130
920 41 383
461 76 385
776 89 152
1613 67 245
3339 49 16
3148 58 105
435 92 45
1743 38 274
3535 15 343
1612 30 238
2551 69 415
1585 17 425
1502 79 33
1682 76 226
953 24 250
1695 92 192
2013 45 315
3510 32 221
3223 59 35
1881 48 224
1459 40 376
1423 1 51
3658 32 324
2628 70 227
2399 69 386
3584 71 321
2702 13 471
1378 89 53
2064 44 230
3684 90 52
316 10 138
2096 54 439
1822 68 109
1617 37 154
1145 16 113
1502 79 384
2530 88 96
1233 51 467
2376 55 240
2933 6 115
1329 81 296
1486 83 12
42 89 315
962 91 312
1237 80 363
2728 91 154
541 43 236
227 50 373
1115 40 362
3326 76 191
3366 31 126
2586 89 214
3919 94 64
2282 64 383
2367 30 193
255 56 385
121 53 160
3791 37 425
2079 88 210
1273 36 186
2016 71 311
1643 8 240
797 5 236
1865 5 193
1012 26 24
406 62 77
2576 79 108
2127 8 79
2608 59 99
1501 51 121
736 67 492
501 37 130
2741 10 487
2472 40 446
3501 36 37
2925 92 314
3729 82 283
1538 34 344
3001 52 398
996 2 353
2619 97 34
3619 51 17
1947 3 32
691 72 454
505 55 424
2377 91 357
647 85 180
3347 76 477
1733 56 23
125 51 124
1680 56 109
2111 1 396
3101 30 139
154 40 55
773 80 369
1380 93 303
874 89 476
1207 52 82
1092 73 291
3206 51 319
1389 83 318
654 45 356
3497 72 166
3812 34 331
720 47 391
322 83 396
963 33 146
833 79 415
2427 40 358
537 83 407
617 85 156
2013 21 205
2501 64 223
990 42 429
2810 52 347
426 44 219
1651 37 254
2438 74 28
1331 46 382
41 5 92
2935 42 245
3393 29 158
193 70 257
2925 42 205
2879 15 364
1279 25 451
2213 26 107
1806 19 337
642 71 408
1620 77 372
477 55 201
3153 7 163
1810 65 384
3448 42 157
1900 23 423
2097 41 221
2498 75 74
1677 62 320
994 60 253
2615 9 7
2228 92 159
532 39 310
1819 85 225
2705 32 485
3138 16 413
1258 6 105
786 13 216
1494 49 184
2022 36 186
800 35 138
959 71 194
2206 62 303
941 12 352
849 58 374
67 41 289
3769 18 35
3255 11 476
2241 27 79
1567 38 145
50 27 343
168 16 344
2133 81 263
935 37 254
1409 63 71
3154 96 269
248 71 32
2557 81 388
321 58 446
2489 14 20
2397 2 287
702 61 181
453 36 42
374 66 427
54 27 49
1522 5 449
1577 4 404
1195 68 10
3461 71 161
22 79 494
3846 26 260
3072 37 28
3076 14 296
997 26 138
1579 16 6
917 98 126
1735 99 397
1069 40 218
1725 77 374
34 80 306
1990 30 112
3434 23 478
1772 10 357
930 5 67
2004 77 10
108 93 79
764 12 69
2603 53 448
2243 83 182
233 20 319
1760 22 478
2168 11 473
338 96 311
1735 36 136
1101 11 376
2451 66 244
1573 90 145
2013 4 474
3325 51 320
2845 65 170
1527 41 158
306 3 254
2012 11 90
155 7 257
487 73 298
3059 86 370
83 81 406
2318 72 102
2963 82 462
281 99 105
2896 73 280
2137 78 351
182 39 417
566 97 64
2704 6 231
244 51 114
2487 56 311
2500 58 187
3481 38 252
2457 92 235
682 54 170
949 18 434
657 24 101
1416 53 97
1794 13 180
1385 44 201
2014 80 270
3170 87 196
2833 96 144
60 54 237
2835 37 79
2995 91 478
929 85 266
2087 97 111
1988 42 220
2520 95 191
3410 98 304
3242 40 8
1945 22 203
554 33 238
994 12 245
3322 7 391
2413 47 45
2059 38 451
2979 83 56
193 86 489
3332 3 300
3382 6 111
3725 71 307
1936 21 468
3297 24 283
587 59 115
1971 79 83
2099 67 250
2333 98 416
726 60 309
1506 91 458
2377 8 342
2444 90 47
3136 9 374
3963 34 453
580 35 308
2075 71 341
1285 62 270
2809 49 431
3010 37 395
353 47 96
2211 42 484
728 96 495
1795 78 131
2363 45 404
546 19 81
1619 61 198
1906 13 67
427 45 193
3743 78 118
2148 11 113
921 26 308
3884 32 53
3576 49 438
3854 57 416
777 36 29
2076 49 60
761 82 247
3015 76 200
2007 68 411
3080 29 347
1444 87 285
207 42 320
3080 3 237
221 80 434
3300 88 376
369 13 339
1418 37 54
427 10 419
1312 27 304
2300 50 377
2154 49 486
1928 55 398
2720 63 131
2148 94 251
3889 11 286
2718 8 177
724 1 266
2960 78 383
3505 27 331
1340 6 319
1149 4 33
2285 92 201
612 59 366
3669 75 459
343 98 401
1457 14 498
1147 14 18
378 89 379
644 72 293
3883 84 163
1475 28 364
3822 43 133
1531 22 287
2294 48 49
1629 69 111
3868 89 225
1735 74 136
1838 65 425
2125 58 137
3457 58 113
1733 71 95
2980 75 100
2240 28 474
3788 90 45
2334 65 297
3764 45 471
406 48 148
2703 12 499
3472 86 183
2024 81 139
912 15 101
3353 65 417
3684 2 50
2371 24 291
502 41 143
188 58 311
1929 10 389
1105 16 25
38 24 299
1339 21 440
694 27 422
3917 63 467
679 66 346
568 17 494
1353 86 499
2939 64 37
2245 6 69
490 52 115
859 96 428
2989 47 30
2399 8 186
3821 63 368
1167 13 410
93 85 41
1756 22 496
1581 76 182
1235 37 319
2502 19 419
818 13 354
197 6 171
1466 14 477
1813 60 245
1007 7 338
1692 57 217
1105 46 196
3887 19 382
2753 32 246
352 54 214
1318 64 383
3039 12 404
2981 95 119
2792 10 11
819 28 308
844 98 140
2277 11 396
1068 73 141
336 39 195
977 17 286
141 68 264
1435 1 34
1762 70 364
3272 34 164
3644 4 456
362 24 286
2183 6 276
3650 13 251
3724 39 73
2428 30 361
1503 52 207
112 11 216
187 39 342
2489 86 308
2557 59 217
2549 79 94
1659 88 51
1384 14 348
3510 92 171
3473 15 329
2459 7 83
2155 85 94
1002 86 285
2270 16 327
3272 21 102
2699 25 423
497 40 462
1220 94 66
3523 97 182
3379 84 263
312 72 402
1238 5 242
2169 73 62
3076 62 312
330 94 229
2965 23 31
3414 72 336
1330 83 116
3194 38 472
885 61 56
2039 51 100
27 68 368
788 67 308
3179 36 340
1845 68 176
2287 98 179
1659 31 57
120 72 348
3604 5 297
1374 58 341
2121 83 175
1824 70 350
1964 46 187
1784 17 27
205 30 418
1474 20 425
1073 45 253
942 31 248
325 14 236
2880 78 153
1706 76 498
1301 63 371
3725 11 73
3441 97 126
1398 97 208
3589 65 180
3118 52 478
2402 35 26
969 50 343
2842 35 426
239 32 33
2693 7 59
1579 84 24
2769 2 56
2637 26 477
3117 34 301
379 52 52
2601 30 34
869 70 409
405 45 452
3342 62 344
2289 18 462
2055 43 419
463 68 352
1438 42 227
1610 64 405
2108 82 363
548 86 105
3531 78 457
752 87 121
2799 83 483
2817 97 173
1487 98 109
3714 75 293
1875 15 242
3631 39 266
1758 74 163
622 30 106
1807 12 74
1075 12 238
1267 82 458
3200 13 103
1193 44 246
1969 95 469
1314 28 169
2402 39 10
3718 54 238
170 63 298
77 50 129
2960 18 110
3791 57 439
2504 76 458
2686 27 177
1123 12 377
777 84 284
3297 9 272
3529 95 330
3088 88 274
957 70 452
3826 48 214
665 87 315
836 53 413
1208 66 68
1303 26 253
3679 34 403
915 31 6
2672 80 207
3963 41 437
500 1 266
1618 76 454
2867 26 147
2528 17 282
3869 26 292
567 5 183
340 66 327
3270 50 278
1532 28 243
2918 88 218
270 62 121
188 5 55
3828 33 32
1977 49 293
316 4 236
1962 16 192
1543 23 490
2224 59 487
94 98 320
1512 18 402
590 13 91
1866 97 331
2950 50 276
1642 10 48
2251 97 304
1701 81 396
289 66 20
1766 52 51
352 54 404
609 86 305
435 38 16
590 92 187
1856 30 403
604 22 162
998 29 171
2363 36 132
369 44 87
3291 40 188
3797 21 74
1925 58 81
1504 90 164
1339 52 405
3200 45 328
1852 64 489
2555 80 345
3676 50 290
291 55 309
3536 85 92
2805 32 363
3740 73 94
489 67 253
3898 42 66
1123 18 398
671 47 420
2246 15 346
1545 51 173
3386 97 450
876 24 78
1125 71 45
2139 93 79
2172 44 428
3139 47 473
540 48 471
3655 47 175
931 74 343
2296 78 396
912 45 455
2561 75 455
179 11 48
2811 96 123
91 70 377
929 85 84
148 81 232
2151 30 26
3766 85 68
1449 65 380
1776 82 121
720 1 122
2296 93 91
1206 78 369
234 98 417
2513 67 234
2011 50 478
79 50 274
1784 37 107
2748 38 375
3287 91 261
3527 19 268
1257 31 328
141 29 31
1146 53 352
3511 85 210
3064 99 259
1486 63 273
323 11 468
2971 38 1
1365 9 65
441 55 61
2773 77 316
1160 66 443
745 10 176
1525 2 144
806 9 47
1270 67 436
143 27 459
1199 19 439
2345 42 218
2544 57 197
713 35 370
2405 26 296
1647 33 267
1392 61 182
2574 26 157
2739 48 12
2611 98 398
1279 31 233
1705 8 33
876 19 177
28 41 45
23 34 453
36 3 56
3849 42 396
2900 68 492
1476 86 14
327 20 475
2816 33 289
1077 58 321
1568 66 376
3341 63 262
133 60 129
1540 18 74
1025 59 482
3666 33 105
2468 26 227
709 62 481
381 10 397
708 10 73
1797 11 71
436 67 329
3084 6 104
293 45 240
217 94 471
3941 23 116
509 71 293
2220 75 133
3310 23 264
3806 42 86
3557 96 175
171 78 123
2019 85 125
1599 59 139
1459 91 292
1986 77 466
3828 6 52
2059 56 184
336 76 247
961 20 285
2159 1 86
3155 56 100
3692 5 287
355 30 11
387 97 470
2841 39 53
3406 26 152
1138 84 262
1313 90 330
1628 96 336
910 91 168
2376 76 12
1837 97 412
3104 93 126
1848 5 121
818 32 2
3053 28 289
2736 47 332
1863 18 412
2547 67 443
2471 91 397
2562 97 284
3804 82 356
2947 6 288
109 80 337
198 76 243
1933 55 124
3466 78 275
155 58 273
3415 43 153
1342 57 196
896 19 28
3952 59 383
2869 6 461
2036 98 328
3217 60 263
350 66 192
3876 98 253
1607 63 387
1388 74 41
1592 58 396
3797 7 23
1174 65 225
3774 27 264
1131 67 360
2868 36 169
2442 67 132
1843 21 61
2122 88 210
1097 25 204
1080 82 23
250 82 232
1163 54 221
1864 67 79
2959 44 230
2396 55 71
2606 93 250
3197 56 145
3083 61 64
3041 88 407
1031 34 406
1658 36 297
1683 53 172
987 50 172
1274 45 382
1264 44 488
60 65 207
2504 64 22
1085 66 136
1296 41 342
1762 88 487
20 22 296
2576 43 21
2511 24 203
3035 51 156
2515 25 197
393 3 209
3814 97 358
2082 26 209
2300 48 451
1144 90 344
3599 9 437
3126 17 383
2112 61 357
2900 8 439
145 34 225
1126 59 439
1362 4 141
3939 59 282
3486 97 54
668 21 170
2922 51 171
581 67 30
2269 31 352
1823 9 345
2242 52 485
1389 45 103
892 39 348
889 93 70
3657 13 168
3009 90 377
1763 93 329
2832 37 108
3115 59 183
1847 5 281
1021 17 465
22 46 323
3078 94 57
3035 85 321
2373 63 100
1259 40 288
1274 57 5
1375 90 122
1999 86 331
515 48 198
1905 4 391
227 43 498
184 67 150
1681 28 152
3612 35 134
3945 62 4
233 35 266
434 10 110
1083 66 419
3504 87 124
2182 5 225
611 92 247
149 75 197
3421 91 383
1816 96 465
93 44 8
3881 32 295
2012 29 391
2620 67 394
1390 72 97
132 26 316
3173 50 240
865 83 319
1328 14 365
1707 15 139
720 93 129
2425 5 302
2849 86 494
1877 4 17
3808 95 288
2337 76 435
2199 71 444
270 67 285
1153 51 240
1104 23 120
834 69 397
1070 44 479
2324 32 139
3789 34 337
2125 85 493
811 95 222
2750 21 404
1121 20 497
171 94 265
3120 79 333
3131 61 213
3280 53 19
2459 52 54
923 13 49
559 70 222
1549 58 55
3611 77 497
1454 71 277
3737 32 444
3536 60 28
2918 95 31
736 27 450
458 2 129
1093 75 217
2555 65 313
1825 52 78
526 58 242
166 37 59
2350 57 45
2382 71 370
271 18 75
3150 38 238
1177 30 230
910 33 408
188 45 225
2017 98 240
1153 69 42
2712 59 358
1067 90 152
1484 25 419
1788 26 149
2946 33 52
3246 84 230
3591 83 111
3546 19 184
3391 2 114
587 3 483
2909 46 3
2174 53 211
723 51 274
1355 50 261
2487 14 277
1977 99 178
2261 33 379
3956 81 388
499 14 429
1690 99 424
533 73 77
2569 77 32
3767 58 261
2033 44 362
1961 91 194
1192 28 316
3689 35 449
2132 73 399
134 16 279
58 25 286
1062 62 372
3697 58 414
3152 39 158
1451 17 383
2016 48 248
1248 19 7
1894 13 138
799 30 393
235 95 263
1801 24 151
2887 7 228
1834 4 352
1075 97 99
2468 28 330
1401 37 482
1705 52 39
3006 49 174
129 8 272
2473 88 361
280 3 374
1559 45 34
843 33 365
1568 52 199
66 99 356
608 64 27
2631 46 204
1263 66 14
3780 59 178
1986 22 34
2398 86 176
2994 16 245
1096 42 165
2252 97 53
2052 20 385
591 71 327
701 17 19
2581 8 79
2272 29 473
3160 8 345
3785 20 310
1759 30 422
1666 14 150
1101 94 340
1064 54 245
2646 60 378
3608 50 309
2207 3 372
1428 33 443
13 5 415
2665 76 58
1324 16 44
1959 29 455
1535 75 126
3760 33 366
3756 79 95
1333 18 399
1214 14 97
420 48 154
1412 90 302
146 91 439
1648 88 112
3834 78 28
1899 63 261
3872 15 186
1200 9 187
835 93 333