2000
362 156
800 4901
636 345
6 1768
896 5266
500 1743
670 6691
901 4309
838 4138
268 3503
490 9366
525 1432
686 5927
656 9270
471 2950
40 6372
20 1626
899 9725
688 4399
929 8189
608 14
955 2333
619 7874
749 9712
825 2219
298 3866
668 8364
911 8355
200 9358
30 7792
955 7589
221 1764
908 4490
69 7536
461 5683
337 1256
145 2007
783 5103
587 6581
938 4594
269 4380
446 3086
778 6460
10 3384
362 1768
85 4476
826 8041
730 1274
861 430
768 4121
233 885
110 4511
116 1668
858 5474
144 7130
833 9750
751 4879
68 603
791 6979
943 3507
834 7864
190 806
332 572
114 4785
873 7240
234 9816
424 6986
201 3719
953 2994
960 9605
573 1964
228 7984
228 4893
572 883
91 1628
172 9673
262 8722
304 1747
436 8909
224 2997
736 8140
414 624
518 9841
418 2834
110 2591
288 2957
608 4495
726 4099
248 8581
572 3963
251 5722
699 9699
542 465
825 88
140 4327
6 1872
225 2248
473 6647
471 9542
651 1274
705 1917
982 9389
173 4225
585 8503
443 4819
195 9365
338 8803
644 1335
615 3211
296 1343
954 7209
68 9059
439 2062
359 4248
149 5185
210 2790
948 2454
603 9865
618 2016
696 5834
781 3535
192 3726
783 6964
437 7956
741 9185
871 415
470 8864
312 8553
197 5178
538 5231
680 7376
354 3816
657 6549
904 2858
581 4750
772 1750
490 241
201 6972
237 6886
390 3730
806 577
830 8814
637 9968
903 6717
531 9221
335 8212
625 2671
276 2776
364 8410
993 487
498 4324
308 7794
449 4062
697 8119
582 6044
819 3368
786 8695
101 6059
510 8603
694 2864
882 7426
688 771
718 9453
227 5666
580 9179
27 7372
705 4739
502 769
279 6281
276 9746
723 3439
685 8943
182 7998
651 9851
509 480
169 774
374 3788
55 4352
538 1442
892 7453
221 2521
632 6825
690 6340
797 6059
770 2831
548 4944
324 1621
721 1106
737 7944
915 2569
435 22
75 2680
659 7590
338 3401
129 3400
471 2354
586 2029
992 3180
674 9474
962 7340
19 7746
656 1277
462 5226
847 1688
186 9690
164 1591
285 303
866 9871
85 7653
297 9627
871 6828
281 3324
590 3862
451 9927
500 4797
427 8343
642 8606
860 4612
896 8353
22 6999
907 6908
420 4104
141 5563
292 4157
491 9949
157 6970
75 8467
538 8335
149 9500
647 8366
839 4584
167 3190
593 2680
741 7019
171 452
289 5426
665 5309
426 3624
994 6207
468 437
306 7915
285 5635
499 4052
763 1412
248 4935
733 4199
920 2838
725 9058
644 7892
720 2900
947 6444
330 8406
716 558
137 8975
192 6162
352 9271
665 3169
315 6809
895 5227
967 3475
643 701
668 6030
318 7764
794 1758
577 7514
214 350
959 9334
855 8412
736 3489
823 3007
33 3149
862 77
530 3534
18 6241
691 7809
288 5272
404 3739
615 4751
785 9091
402 7156
360 1165
605 6912
596 5317
713 6741
888 9061
978 4806
430 8376
773 4878
455 4471
105 7021
495 7184
917 3491
66 6297
620 2423
660 1101
930 8343
356 6139
58 9115
432 6929
3 6611
744 8306
677 4550
977 2650
852 1294
960 3248
17 2102
67 3309
72 7704
903 6537
419 7696
152 2408
22 9901
322 7643
178 2705
287 3927
511 6913
316 731
641 7969
358 7241
164 3203
887 3927
491 7271
550 3599
523 3192
972 1452
455 7771
11 3276
350 1460
991 5743
523 8193
862 3479
745 956
941 6567
908 292
599 8185
616 646
969 5149
877 5698
387 2890
411 1586
62 2479
202 7255
60 9731
840 9375
234 2878
48 7845
398 2672
992 6916
897 7724
356 5748
691 7052
420 723
796 661
617 2
135 8012
979 594
611 7295
704 8947
170 2914
440 5202
627 2241
218 4850
716 8198
82 6854
548 1675
547 4534
845 1698
617 3629
701 8028
261 2260
699 1569
750 2881
859 3405
418 8591
717 6500
869 4812
500 3190
87 6356
734 7777
549 3660
42 8513
239 4528
781 6153
246 8921
528 4490
754 6570
466 6737
974 7624
677 7629
72 5515
406 6358
457 5572
466 6339
123 933
867 7839
201 9918
485 1841
514 2913
732 5305
903 8524
984 5717
924 4907
880 895
212 5298
447 1448
389 5355
662 3843
478 7351
825 5556
46 648
708 1931
320 9744
123 7715
896 8116
311 7193
552 1869
457 1733
183 1714
811 2009
613 3854
116 6879
830 1260
284 2837
623 902
626 5948
520 1785
71 4818
245 4354
672 3240
484 8255
378 5460
716 9693
948 3249
890 2523
730 7473
737 8712
942 8287
341 5072
593 7636
55 5866
70 225
271 4166
133 8233
769 3926
812 987
225 4609
8 8654
742 6342
558 4763
434 7159
574 1591
134 2937
456 8545
180 3703
875 3036
985 6116
527 6273
521 4655
927 8799
182 8682
261 3464
928 8935
66 294
661 371
740 4140
630 3642
984 6104
268 8311
674 7290
489 7180
119 4285
930 3586
168 3575
23 1415
740 5875
833 8510
48 9737
706 4159
868 9072
455 1438
462 1114
360 1646
285 1657
604 8217
793 8321
945 5624
723 8691
275 9515
46 152
703 990
937 3728
506 8068
453 9646
817 9845
579 9458
648 8281
794 2713
642 4140
354 2585
475 9667
495 4104
495 6215
16 850
826 1410
222 9361
565 9731
783 953
582 2903
2 6375
275 5668
826 6733
776 2755
369 6577
137 165
382 5602
26 6418
469 1473
812 8850
727 1064
264 2379
167 1714
545 9863
337 9906
903 9617
962 8216
74 4816
258 8287
128 7096
985 7168
785 375
594 3443
681 5178
50 2128
266 6294
132 3343
162 9967
794 781
685 4074
552 8946
624 6022
922 1677
23 4812
265 4758
524 1177
133 5519
773 7399
838 1048
788 6580
665 2955
819 9070
301 7897
532 7705
407 8866
663 8418
242 8172
910 7676
422 1627
344 2515
520 746
374 1014
615 7946
378 1576
319 987
778 4872
938 3732
218 2942
16 2977
771 3008
684 8776
818 2357
160 8568
91 3146
99 8870
986 2931
739 5703
270 5878
944 8707
526 8993
531 1961
404 6338
338 4156
146 3672
90 9925
494 1678
788 808
699 8350
759 417
966 9570
661 9859
194 8901
750 9147
754 5561
547 8584
115 3897
21 1120
984 6235
139 9514
711 8759
764 2937
720 842
517 822
937 9471
646 3390
570 6877
575 4243
425 8809
944 3259
457 7593
895 1625
7 2385
807 1724
274 4371
838 4877
892 9730
908 6269
592 7909
750 2466
139 7385
433 9123
421 9103
191 2741
52 3106
462 1336
782 4193
798 8539
991 2056
497 1549
270 4202
686 8611
375 590
212 7206
458 4673
496 2228
794 5526
742 2669
655 1067
498 1595
225 4113
652 7573
753 2243
514 4882
492 9077
446 9780
65 9207
362 9914
165 9620
405 997
254 3142
374 9053
268 7278
981 5998
487 9835
67 5219
875 6875
155 8603
605 1606
92 6118
398 2618
577 3017
388 638
619 4323
949 6400
892 7254
362 4895
968 4559
820 731
271 3219
147 853
455 7215
773 3931
369 9547
996 2006
193 8923
996 7913
293 2799
146 1220
655 1511
91 5144
297 9864
252 7774
519 4913
652 7682
97 8125
844 6567
539 5316
878 3860
713 2385
86 3230
424 6840
114 5949
186 2395
65 9462
354 1139
825 9021
46 994
353 8127
148 1650
73 4036
523 7046
513 1464
971 3803
407 9927
422 7540
28 198
12 649
281 368
400 9666
475 3301
938 4434
840 4509
377 9115
547 7685
917 4795
487 3241
255 5026
938 6906
828 6379
628 1367
275 6340
815 8297
515 413
920 31
878 4846
386 7233
694 2004
799 1058
857 4376
751 4585
684 6815
932 3714
674 8880
882 7020
372 3803
472 5529
885 9005
650 3481
819 5193
752 9495
683 3194
233 2021
801 4820
885 9018
98 8172
151 1068
592 7778
720 5882
391 1752
207 4620
831 3990
127 8399
402 3028
273 8762
784 8095
637 962
880 7687
563 9189
902 2412
340 8052
522 8160
499 4625
292 252
818 1650
540 9758
881 6613
421 5472
244 9444
222 9595
761 9424
540 9165
909 5328
269 6071
102 5708
78 9074
607 1768
370 5581
432 2225
44 3249
500 6892
992 2847
391 3104
108 4867
953 3170
868 3456
771 8501
114 5681
547 5822
590 1048
989 6584
246 7991
985 57
420 7447
714 2107
105 8860
483 3701
594 2502
229 6376
227 2055
467 4533
896 8489
222 4481
356 5917
828 2272
854 8182
51 3437
569 9911
434 6095
171 8479
171 8052
80 7199
91 1747
247 7613
812 6123
219 4019
287 1529
673 6392
281 9381
433 2663
411 5624
364 6859
106 9720
215 5258
641 478
405 6718
379 3777
902 9337
594 6319
225 9997
341 6616
123 9448
996 9227
292 6856
542 851
105 6610
12 3066
133 8238
121 2941
93 1302
170 9934
10 4651
699 4639
736 1937
61 7288
418 9750
842 8652
466 4750
54 1388
833 2836
201 3827
267 1416
126 9266
766 2380
183 9500
725 1976
75 4403
620 2199
365 3316
505 6350
754 8771
264 857
182 1648
153 8004
206 9915
549 4329
924 6637
56 3336
651 5397
14 4459
400 2099
904 7032
909 2115
966 8246
37 6068
419 2385
831 9749
106 1317
131 7903
965 7136
962 2863
179 7909
48 7208
373 1752
775 3310
251 203
561 1700
367 4613
117 9168
183 1949
242 6508
661 6425
720 278
803 4004
462 3413
342 2349
439 8955
748 2126
474 1501
903 7821
226 9143
860 6570
746 7960
413 1009
279 3095
452 8714
633 3641
31 2210
36 5583
641 4803
759 3704
358 7973
223 3760
403 7875
945 3031
382 6423
897 69
113 9367
468 3230
661 1507
558 9683
424 2278
663 4413
982 6298
725 7051
632 1693
44 4602
401 2467
533 2467
399 3622
547 6035
86 4022
740 2091
525 6835
161 115
112 7996
18 1264
348 2176
426 1111
815 2023
109 9572
73 7971
156 6084
855 8887
714 7130
603 399
753 5255
143 1971
323 4160
140 5369
573 3497
640 6774
504 9988
708 3139
754 3774
799 1962
408 7932
452 223
782 6721
688 8917
999 7968
195 3365
697 87
683 3270
442 491
222 4871
510 8353
761 1450
286 6946
662 5789
429 8805
340 6768
770 4034
118 751
536 2450
767 955
814 5334
725 6342
736 6006
250 6018
668 4601
630 3187
770 8885
910 1293
578 1929
814 9252
470 1184
562 7469
382 5713
512 2323
922 4237
609 8579
678 300
966 7695
180 884
29 9154
842 4600
462 4789
767 3328
387 8369
381 5867
789 2341
791 6344
810 8618
748 731
247 218
319 6921
126 7241
908 6421
847 9877
463 8647
372 5491
253 7722
636 5786
362 9065
802 9009
941 8126
32 1980
941 7509
342 2877
600 4241
797 9557
445 4594
353 4732
451 8084
878 1021
794 3638
937 2680
521 9495
505 5112
595 8970
345 9841
617 5468
986 7916
654 5120
404 7566
635 6590
609 6872
842 271
870 1253
599 6212
644 7788
997 1488
877 3912
154 5283
121 5892
845 3142
721 4052
559 3903
457 4288
473 5463
185 4734
781 1678
625 5938
474 3209
354 3007
961 5815
902 1972
298 7613
914 988
599 4905
637 9851
218 8963
624 5710
222 2221
707 8239
380 4553
240 6086
123 7282
939 7235
78 5565
106 2613
11 3738
434 1384
506 467
478 6949
102 5602
268 6121
911 3405
814 3780
130 8179
546 6011
569 4047
107 1665
87 6822
724 8169
58 1843
639 6468
556 5364
813 9634
421 2926
885 7553
843 6085
561 9442
483 1854
325 7817
334 4296
558 5467
93 8626
313 9669
147 8734
61 4185
866 8617
709 2508
771 4855
203 6162
251 1427
153 2659
959 90
286 9703
806 8026
772 4679
199 4049
44 662
712 9979
188 4473
112 4518
501 5640
665 9308
837 9817
451 2992
66 4647
128 2395
513 4633
368 2109
966 7131
127 910
34 8806
787 4657
334 3984
869 8852
795 3347
206 7112
678 9206
225 9836
26 9638
274 1352
95 3598
465 4292
924 8934
125 5269
7 9238
67 576
14 1137
553 214
789 9867
306 6280
123 5138
318 4902
382 2514
752 9718
935 3916
653 2786
863 7519
793 2095
950 6182
116 8868
605 3541
434 9814
753 1027
684 8853
128 1797
565 6809
500 4874
487 7629
144 2799
725 5890
702 1119
546 4227
215 8457
791 1441
974 35
278 6408
807 6104
916 956
135 2601
821 727
308 1291
949 4034
987 9245
127 9904
114 5360
927 5108
667 3524
100 5115
249 8358
484 9321
797 9567
240 8320
191 1950
882 5504
474 1787
307 1650
527 3764
26 9241
411 3697
363 7754
441 3993
59 1886
201 4899
708 5848
49 6259
391 8001
953 7248
886 7847
504 8298
189 6450
909 5931
196 9513
469 6486
669 1758
373 601
841 5590
42 5076
640 8460
58 7179
129 9583
259 5827
388 1966
868 254
76 8623
760 5865
787 1339
477 5875
107 4192
923 5955
263 2541
526 8164
828 7499
722 4662
247 9565
534 2969
322 7981
613 6729
443 4573
701 6109
292 8237
219 4618
132 3767
499 6777
78 9203
731 259
156 1990
164 2578
543 8012
170 1798
103 5430
883 6723
933 6265
852 9707
696 3137
331 383
15 7787
223 7299
962 1844
820 2215
862 3158
100 9142
247 3598
719 986
585 1661
17 9185
747 254
830 3204
395 8415
494 3707
953 8725
516 9276
93 5441
270 768
179 7001
96 1035
80 1806
495 1656
894 950
552 3363
539 8128
885 2403
186 7511
404 7603
834 8516
110 7475
442 1749
193 6454
83 6028
589 7178
272 6554
738 5889
316 1091
395 6465
883 2888
689 1001
234 5079
145 2100
726 5361
437 8513
884 7362
66 3819
890 5441
859 2652
440 3845
670 7199
289 4392
780 7813
78 3334
533 3873
839 456
538 6292
233 4627
929 4474
668 797
237 6566
912 1677
877 3621
998 7008
930 1288
342 2452
867 3953
445 4276
953 5028
540 2394
919 2885
864 124
889 1087
857 3920
493 3793
184 4898
796 9226
470 7094
54 42
848 1821
624 7656
583 2518
257 3818
856 6077
986 7105
853 4096
212 4022
799 5517
533 8025
637 668
620 504
194 2174
354 8490
527 5279
849 9719
391 2563
2 7723
682 1686
439 4576
906 385
652 8935
768 724
476 1403
683 4416
943 2028
473 1243
859 3351
697 4964
48 5387
621 3074
318 3692
88 1535
423 3419
297 2954
26 7333
7 8729
680 521
977 5574
342 2044
883 1349
699 7775
566 9306
740 5063
490 9316
925 862
683 8257
560 728
999 5967
258 9362
563 4843
217 4961
397 2016
344 9375
771 7404
472 3930
689 1841
448 399
167 9181
674 1767
694 8613
205 7237
561 3534
585 9364
184 8462
575 1124
563 4475
316 3227
126 1565
490 4080
64 371
987 425
570 2417
444 6061
61 8988
830 6446
717 6808
568 7173
236 1646
557 6192
714 1614
166 9764
641 3399
392 2578
859 8295
381 6635
563 3722
393 3579
241 586
588 4087
674 3819
492 3524
889 566
107 7318
650 3585
262 5022
513 7176
78 3989
347 4127
358 8240
352 2279
847 7437
544 4637
765 8490
795 7006
242 7498
208 9460
579 7801
232 4422
939 4939
67 4979
964 2259
67 4745
170 5431
230 5517
56 3995
703 1248
932 147
861 5150
188 162
769 3916
563 5683
882 1385
792 6103
545 4953
994 2867
371 7353
627 4788
438 7723
287 3672
761 239
686 7387
963 1801
866 6427
35 8873
636 8161
203 6951
219 8866
59 29
916 6844
461 2360
651 7615
588 1186
986 8162
793 2619
411 8500
334 2203
174 3400
434 6122
558 3657
94 9117
709 4133
112 8363
99 754
938 669
492 9724
644 11
949 9093
140 6092
975 6457
927 8142
923 624
202 3545
994 7052
136 200
821 1012
183 5229
962 1735
177 846
183 1982
76 2790
233 894
535 8100
669 348
554 6295
325 5605
468 4463
179 1133
63 2954
741 377
162 5243
865 8821
530 2883
76 414
607 3043
540 7946
369 6804
121 4984
110 1529
297 1798
590 1191
863 8611
307 6334
164 6364
933 630
287 2440
904 4479
877 2695
416 8166
578 3793
929 1855
425 9744
47 6928
920 6265
491 9114
820 8983
277 1815
857 2308
725 40
671 3787
644 8114
192 2893
546 189
139 6305
21 5047
704 2266
272 8186
685 8263
111 9440
194 6273
260 8940
402 5208
415 5551
838 1606
998 5242
237 2611
904 7969
628 5947
215 3794
131 9214
202 5051
622 8445
962 9841
510 1053
630 289
113 537
154 5283
145 2686
491 5963
147 9127
929 2386
851 912
529 9943
283 1214
964 1813
415 5281
966 8258
357 6451
62 9488
440 82
8 7531
301 5356
784 9065
449 6349
865 5035
483 8936
696 9915
627 4125
532 3056
124 6298
760 2116
380 1731
294 8006
94 4823
41 2035
484 3621
803 1873
928 8729
667 9720
299 2317
409 6904
45 4877
553 7450
766 3027
18 690
18 1725
146 7253
224 5882
571 4339
232 9103
568 1960
97 8641
656 8050
114 1122
557 5149
573 5226
631 7393
788 5222
7 5454
425 8050
880 276
520 8004
277 5932
902 9138
778 4589
615 9346
287 7315
435 3085
174 8058
983 2189
398 6699
415 1610
610 3868
650 1636
195 1431
358 8168
955 2163
538 5585
340 56
517 1068
293 5667
464 248
561 4751
240 7401
884 241
902 6014
216 7004
30 7381
956 806
160 2896
192 7757
663 6645
115 3586
98 4364
360 9656
291 989
745 2196
669 4654
92 920
478 6105
569 7996
976 8099
696 2446
329 8573
122 3551
241 8191
444 2532
179 7577
541 9768
730 6110
608 3723
991 1096
495 1037
97 5567
7 508
280 3116
953 2845
361 9853
698 9396
738 4893
615 9893
571 4252
600 4269
335 1245
463 120
761 3459
524 3507
143 8815
849 6656
42 6499
812 8755
432 2017
296 7179
851 6889
918 293
251 5872
287 1215
311 1665
290 8303
746 9520
149 2966
541 4967
696 3884
128 1015
640 4513
402 405
208 3478
654 7570
63 4289
934 3581
813 8943
951 7471
7 5927
704 1993
346 8396
766 9002
395 841
603 7833
709 4100
637 7967
336 2711
520 934
309 7144
484 6843
398 9314
788 2366
321 6227
29 4765
721 1674
341 2733
620 4620
997 1430
851 5701
825 2889
767 4460
627 7467
219 1930
83 9709
758 6903
335 506
702 9677
85 7176
581 5410
69 759
282 5049
805 3504
953 5224
917 7832
121 546
83 3427
922 4279
708 4878
294 5645
105 1633
76 7488
925 5115
280 4064
520 5771
559 6933
881 9260
716 20
743 4353
208 4047
193 8871
839 5608
934 2300
704 5894
339 8797
871 8114
768 436
600 5271
162 5468
141 543
459 1511
988 4119
540 2160
746 3532
93 2084
661 1400
1 8521
280 2307
979 5948
734 700
699 6089
479 7877
988 7117
598 4778
677 5186
550 6526
437 5499
476 7466
243 7485
978 6874
613 4927
339 9578
858 7983
985 3323
39 6435
874 5026
43 5539
642 1751
151 8753
900 1591
696 4551
963 6986
988 5112
829 4060
817 1799
3 4869
166 5558
761 9228
116 2682
300 3822
185 2923
330 7991
964 4452
977 7468
649 8972
380 3494
327 9878
915 9923
220 1281
982 290
989 1267
185 2508
483 5955
616 3067
130 636
471 4104
527 4790
261 4723
210 4538
44 8798
833 7600
640 3382
485 9122
912 8818
737 3638
896 6185
36 616
600 4431
464 3131
835 7910
850 3441
345 29
544 458
305 3824
280 6941
49 4855
491 1263
710 4720
400 1541
836 7138
953 5348
582 2786
532 8366
226 1590
835 3769
26 1615
804 1512
218 1792
694 2745
538 3316
589 4587
524 3280
430 6406
493 8937
574 4241
686 5828
498 2099
236 8255
606 8532
462 4665
959 5695
563 2214
577 4273
548 5526
21 5971
963 9406
827 3363
408 9109
440 7036
805 418
666 6822
261 3568
197 7561
631 2089
394 4370
961 1096
581 9383
834 3621
741 3665
147 3375
623 691
90 2895
36 8169
426 172
835 2752
926 2832
441 3185
104 1198
120 4572
439 3189
546 6390
585 1708
361 3945
721 2130
239 7178
581 9948
416 988
312 8272
606 1197
644 4359
687 5384
380 6226
195 6292
764 9313
936 7060
547 2508
40 9488
47 5572
551 5895
938 3745
635 9556
371 7291
627 6533
220 9698
139 6709
393 4382
872 302
952 659
693 4381
100 3809
356 5175
548 1240
497 531
232 798
362 863
275 5849
126 8233
485 7313
47 7757
423 5199
6 3770
728 2908
26 6538
382 7017
833 6241
66 5061
846 3492
21 5134
926 9462
827 6800
858 473
721 7093
466 8491
174 6174
348 7767
696 7064
131 7303
668 8311
822 6242
592 7461
967 2503
562 6601
708 5172
593 6369
271 4017
640 1308
242 2167
550 5897
723 2805
220 9609
320 3442
860 4811
59 2995
325 7288
15 1152
255 8070
293 9973
514 6000
836 9108
353 6129
247 8239
673 316
510 5837
195 3767
664 8282
740 5564
49 6398
872 5172
566 9846
705 1332
832 9911
999 1003
214 3127
563 1380
59 8426
593 8061
346 7648
792 9773
207 939
525 8477
