7014
1294379734
9223
6279
7280
2126904693
-2147483648
236071686
236071686
7568
874846731
571391921
7519
9364
5660
-1207
8490
743038277
9975
9975
1326988159
915
7113
308168276
308168276
26978853
6456
6456
-2147483648
6456
6456
-2147483648
1326393268
3496
6831
9701
1084877980
9437
1084877980
9701
6942
1994700696
474752979
1332846642
1332846642
1332846642
-2147483648
-2147483648
9072
1251119983
1332846642
-2147483648
1399949986
8792
-4120
2101974346
245536595
7411
7411
-7411
8957
8957
7395
7614
8957
53672151
3931
5794
3931
6317
518532726
518532726
2060
950268285
-4508
-2147483648
-1468674033
7968
9106
-6757
892128470
1730071614
1730071614
1730071614
7609
7976
635267978
-2147483648
1574
6762
1519300889
-1519300889
1424
8014
1424
-2147483648
1440388140
1440388140
549130134
8887
-2147483648
-2147483648
8480
-2147483648
5481
358150609
6332
-1339982182
1920119920
1920119920
377603468
-7727
-5676
-7727
-2147483648
-2147483648
8105
1518
728428801
2289
2289
679146680
-2147483648
5868
193339789
2358
-2147483648
1240715354
884276149
5307
9293
5307
8840
1634878525
2427
485589858
7085
-1210
1254122518
617950062
-1210
9782
-2147483648
9782
9202
-9202
-1388986554
-8386
-9202
-8386
-9202
7144
-2147483648
3233
1375836672
1375836672
-4225
-2147483648
2081
4268
1563392501
8569
9718
-2147483648
6842
1927
8814
-2147483648
6603
1999345064
1999345064
6603
882621885
6911
1232039163
8496
8496
7500
1268138790
1753
1541967506
1147624558
1147624558
-3086
7246
1749170496
7306
9655
9995
3381
1535826827
-7927
9991
61
1633219206
-61
1633219206
9268
1313
3094
-2147483648
-2147483648
1338869938
9519
8930
9519
8930
308976009
-1729234107
1366130959
815965226
9944
8076
418965496
-2147483648
1503884622
5745
9479
5618
1177093012
1177093012
3890
7518
-2147483648
4965
5177
579047212
4374
4374
4374
-2147483648
-2147483648
-2147483648
-7141
73
7942
7934
6336
-3117
899856446
899856446
1172214893
