1000
1709
3050
3369
1455
4752
1962
4736
4935
3677
555
927
1585
954
927
4993
115
3008
4002
321
445
4498
1489
2903
4067
2537
4704
2842
4184
2716
4444
4799
4424
3846
4519
2231
3597
1481
3318
3532
1509
3872
810
3093
1177
3088
4437
2644
1095
4791
2964
2892
4288
805
794
3354
3341
497
2548
3876
4564
1991
3674
3988
836
4545
2570
4433
1025
887
4316
3885
1111
1477
1977
3639
4565
2766
2634
2011
2556
598
4902
1843
2754
695
196
1094
2544
2743
1321
2107
1086
1346
2446
3273
890
1367
4057
3266
2254
3372
2150
4716
4849
479
4706
765
3244
2340
2775
799
4289
2677
2641
3394
4723
4188
839
2266
3283
2159
725
4368
3504
3170
3992
4394
4537
3049
2659
3142
1420
1161
4209
2620
1639
266
3384
4882
3957
1159
680
3245
3835
4672
2990
3557
211
3828
2175
3493
986
4251
4212
842
2420
3204
235
3308
1252
4245
2801
4023
405
3361
2995
3395
3627
1378
3276
2583
3888
307
2180
4074
4978
169
3983
189
349
1157
33
1334
407
597
2175
4178
3800
3761
3838
1403
4358
2990
1777
1114
2703
4771
4509
2681
2501
4136
1615
1388
4443
146
462
772
315
4444
2312
2015
1952
2345
3348
3710
4293
1875
4239
4444
1987
3076
846
1344
2418
2622
3810
120
3745
3318
4152
1245
3805
766
2632
3247
912
4445
4019
2578
240
2682
4592
2191
1378
4291
900
670
1165
1491
113
4504
918
958
847
3335
4932
1008
4806
28
4325
3957
1272
4482
4723
255
2728
1986
4700
3098
4563
1291
780
506
3482
2157
4796
733
2827
2313
2223
2939
1816
3141
249
4014
2827
1532
22
3985
1559
698
2941
4182
179
4015
788
2907
1000
487
2356
1914
3130
4487
2419
1611
1644
2215
3695
822
4527
2270
112
2694
1762
360
1707
940
3243
1728
4924
1153
2426
2865
334
2604
3231
1122
1862
583
2960
570
2496
1089
56
4915
4051
1699
3481
4098
3872
4359
1367
3984
2052
4480
695
3758
419
3938
1838
343
1442
4263
4559
1776
3218
4141
4249
1432
4723
3560
2001
2219
4649
2056
3485
51
107
3317
4148
3978
2675
1866
2961
1078
2697
8
1187
3116
297
3024
4810
1738
3638
720
4865
1856
4860
4113
4639
4583
2673
1639
3153
3673
3694
1637
3723
152
1305
4223
4130
331
2440
3442
1408
137
4801
3946
4604
97
1970
765
1835
1959
2836
3051
166
2695
2164
4804
3629
1188
1442
1781
1212
1488
4769
1286
2991
1073
508
2120
2755
4300
1914
4162
788
1714
4460
391
1811
2781
2507
4997
4739
342
4399
4905
3036
2914
1060
3017
4101
3854
4797
312
341
918
2950
3331
3342
4809
1803
1097
4108
68
1610
4895
1781
1069
1637
4943
3849
4143
1291
4940
836
690
1196
224
3603
2255
3240
4056
1108
4388
719
2800
305
3668
2483
4999
3477
637
1095
3936
704
4056
3831
2484
125
1819
3779
325
2314
69
1616
3149
2110
2811
4724
713
1418
2963
1120
2525
3703
1838
1677
359
1858
4159
357
1686
1147
2803
621
1850
1859
803
685
3335
2622
4463
11
1287
4532
1627
4435
1641
789
4159
3705
2206
3473
1176
1083
2175
3014
4111
2534
1223
4621
4242
2908
767
2045
4880
2616
3903
683
3300
2237
4656
2763
3599
942
3646
225
1728
1638
2366
2238
1695
923
2063
2870
3357
4237
2235
2467
3122
3457
2087
2364
2716
2853
4408
2596
468
4662
3278
120
1898
4285
4234
496
226
2879
2073
3305
868
790
543
2562
1712
2605
1784
69
3193
4018
2535
1315
3827
974
30
1542
3826
4437
489
646
4098
118
765
2347
4402
4998
4194
979
4228
2618
4284
1447
3407
1178
361
1471
134
2144
1539
3326
1161
425
992
1339
1398
1021
2881
1576
1809
4721
2221
906
4839
4337
4604
4240
686
150
219
4913
2767
854
1359
1174
2031
3071
3996
2164
214
534
1841
2727
2310
2833
4065
3708
205
3297
1635
2014
3018
3855
4271
4208
3191
227
3447
3876
376
17
140
3142
870
2850
667
4252
921
4662
2767
1134
1547
4608
212
3857
3792
4277
3916
3996
3925
550
2361
3294
4404
2984
2501
3946
3210
948
4173
3585
2316
4312
1726
4538
2161
3745
3789
4433
3406
2908
567
1305
2515
2130
161
2658
1406
428
3005
1683
977
1718
4976
1732
4701
2477
2029
2910
4776
1201
1494
3443
512
4571
2980
4024
3315
3121
3457
3073
1028
375
729
4894
2504
2241
2551
262
2668
1907
1944
4996
3624
3271
1727
3324
2099
107
1233
3226
1307
4078
1669
1818
3649
1000
2193
3315
4120
649
2739
147
1023
4819
40
4879
2059
3942
140
4726
849
3435
4721
4472
1705
2799
2796
156
2905
380
3381
4211
4458
49
2380
4458
1049
925
4124
1520
1573
3215
3019
3948
3033
4410
178
92
3352
317
4817
552
103
890
1375
1807
3688
522
1962
2945
902
1695
3507
1711
1743
887
2520
4143
3163
1643
2015
1087
4857
33
34
4242
4442
211
4333
4145
1879
501
4696
1981
1390
2423
140
1430
2944
3453
4374
3845
147
2880
555
3242
118
3074
3736
3280
1069
2102
4367
2277
2134
752
1518
2928
2315
2202
2072
545
2703
3120
3878
444
542
369
1873
4837
3821
2598
3682
320
1830
588
4913
1947
14
5000
1579
2434
2102
2297
4710
4235
4400
2580
3514
3066
4781
1938
3611
3835
1409
3840
4279
3302
4208
1151
3138
4380
101
3171
4699
1930
3759
963
228
124
963
1806
2557
3064
454
3618
3650
4854
1197
2164
2919
2330
453
2881
1164
1861
1720
442
162
2279
2945
4651
1659
3045
2822
2709
4974
2932
3672
201
3055
4634
3359
1963
4049
3812
580
2698
17
3129
1213
4288
458
1665
3520
1621
4877
1592
2063
38
3870
1359
1041
528
4403
3862
3237
5000
