2728862.7771
2962022.3590
2986476.5162
1502441.5538
760466.4841
771324.6137
3122771.3719
242144.5369
3185728.8887
291339.8786
3249314.7240
817128.2492
7282.4810
833228.9115
30712.4667
3417578.4265
3437266.7877
3463605.9005
3483426.2086
3503303.0653
1167767.6884
709980.4618
28257.8651
279789.2751
1838968.9589
3705181.8092
3746236.1420
1883424.0657
3815162.6848
1917981.5849
3856820.2034
3905706.5267
1952853.2634
1963376.0280
1977450.3631
1998656.1135
4047078.1961
4068500.7164
2055757.7015
4183709.2022
2102744.9321
4256531.3199
4300526.1834
1088034.8523
4374353.6108
2202030.2554
2213203.3298
1112202.3391
248403.8112
2250651.1142
