12401720611
12408100120
12408100316
12408300239
13401701014
13408100223
13408100238
13408100243
13408200328
13408300307
13408300319
13408400114
13408400121
13408400229
14401100304
14401700301
14401700309
14404100335
14408100113
14408100114
14408100116
14408100118
14408100120
14408100205
14408100215
14408100304
14408100316
14408100322
14408100333
14408100335
14408200116
14408200207
14408200209
14408200234
14408200237
14408200242
14408300119
14408300120
14408300131
14408300135
14408300210
14408300211
14408300213
14408300214
14408300217
14408300303
14408300304
14408300327
14408300328
14408300330
14408300336
14408400126
14408400127
14408400135
14408400219
14408500121
