100
1 100000
5616 71930
4972 92096
2794 40434
89944 99637
28381 93556
72408 96268
60933 72034
79849 95165
74174 96536
65228 71143
33846 44004
4541 36339
97416 99518
40568 60954
97864 99554
74435 84759
54400 69405
75119 92637
96717 98858
46091 69637
35209 65834
76662 98787
19027 33800
66234 89220
13908 88101
94482 97719
81527 88347
55696 85462
46147 51377
21062 78073
23381 25676
80192 91596
91254 97936
51324 77473
36723 68776
29419 81474
48615 75252
777 37025
78941 90770
77193 80633
14822 26489
89658 96119
87049 88137
7994 78552
41615 74105
93556 94467
40902 94665
75478 87372
61761 73681
52829 93991
56918 80508
86766 89562
21030 57927
89525 92650
70903 93401
25522 86812
54743 58109
14776 44068
76883 84221
7689 26506
68175 93396
16196 86462
7695 40980
57583 86233
51178 74355
84289 92960
25361 77727
13627 88248
91300 98510
79064 98541
86220 92950
80631 99472
52468 65984
15457 72902
50879 59831
80551 84905
57093 95875
44481 72947
4772 69624
50593 93165
45178 89695
64044 69380
54991 78213
49632 54141
97173 99551
24845 75716
82336 96677
40706 97833
49936 68129
80504 90637
12010 58952
36219 71546
74153 89979
50240 77482
15466 48539
67576 96746
68417 78372
63886 75637
11 11
